1.630245847474980792e+03
1.562496117266153078e+03
2.914333008344160447e+01
2.790256944560698926e+01
2.593903826655056477e+01
2.480890636759167478e+01
2.313316352724893221e+01
2.042297393756047796e+01
1.976088317236974490e+01
1.933015458103483297e+01
1.457010259077000924e+01
1.244452944908070080e+01
1.208796197718988985e+01
9.683143119377067620e+00
8.849917573464729514e+00
7.761867091600338497e+00
7.047355449135733529e+00
6.498156397166496845e+00
5.425785869158966435e+00
4.924154156376611802e+00
4.620419220340563626e+00
4.531111300006552156e+00
4.242938812436996443e+00
3.369081211427225497e+00
2.860489043279086374e+00
2.828485760021337114e+00
2.527392448994556062e+00
1.980902948175013112e+00
1.883293387128500918e+00
1.810532961502529181e+00
1.658263756956216195e+00
1.577166914322699620e+00
1.516203547285055908e+00
1.488526288270401565e+00
1.480686776159187756e+00
1.367910958493740337e+00
1.346648031456225469e+00
1.322568504852554838e+00
1.115942759256899341e+00
1.089195955034347962e+00
9.993713810558537691e-01
9.769106083613907643e-01
9.403941220287408420e-01
9.169750042242145183e-01
9.117312136009373402e-01
8.832119160221890697e-01
8.536014186380953550e-01
7.923755113646714365e-01
6.780273455140483074e-01
6.152858359347219697e-01
5.817901778491263443e-01
4.985309671685897448e-01
4.735676366363656964e-01
4.271803625013684824e-01
4.065563516628782903e-01
4.033688889937889765e-01
3.103002262778919995e-01
2.800688913431087501e-01
2.736747600118377699e-01
2.529068886776194014e-01
2.157016275765522295e-01
2.066871740889725528e-01
1.914774195952846370e-01
1.850398861250299176e-01
1.764262306822809712e-01
1.719936536884395795e-01
1.684840516851935366e-01
1.596310690027142876e-01
1.509228750399947694e-01
1.407277531641036861e-01
1.377349475276889723e-01
1.334795645798330932e-01
1.231257719483053320e-01
1.116965571570204124e-01
1.067346955899768080e-01
1.022018264761979794e-01
9.468518922162658114e-02
8.966971508494149534e-02
8.726618499590288458e-02
8.580545770129287264e-02
8.331168904113159246e-02
8.148181616190429410e-02
7.987168873714819983e-02
7.420820418717540001e-02
7.074815369145717736e-02
6.816930202003598782e-02
6.508198335859156913e-02
6.345742102809967533e-02
5.946319931512658585e-02
5.673743402504317218e-02
5.334725670020952493e-02
4.762610424095618106e-02
4.524419726026665534e-02
4.112770149910367767e-02
4.017974588381496154e-02
3.869609965402401319e-02
3.708364726727642058e-02
3.648245705135924610e-02
3.393578123271732278e-02
2.915300625477139362e-02
2.607282324718277269e-02
2.467776491223199267e-02
2.351243634226729898e-02
2.210592677385653584e-02
2.148735842415540331e-02
2.042827397887776036e-02
1.957179138369549709e-02
1.786431031841567013e-02
1.752234699501707682e-02
1.729946111381825552e-02
1.610094925037557773e-02
1.569764295217708841e-02
1.538116649135694985e-02
1.454518379151781629e-02
1.366768427820140401e-02
1.300319776090453662e-02
1.237273093703523431e-02
1.226884752190773864e-02
1.142959861778450326e-02
1.084067610754635598e-02
1.008512244228134194e-02
9.786809860622277049e-03
9.548224632831997863e-03
9.273197202127403740e-03
9.109265133805296774e-03
9.012124788433918676e-03
8.930413403082633136e-03
8.813243467275199555e-03
8.551186855890282809e-03
7.815994273102616630e-03
7.647973428254129825e-03
7.522332736447667235e-03
6.624416995804387025e-03
6.283914144809644997e-03
6.144834581205265399e-03
6.052126145955122674e-03
5.565055575412115700e-03
5.266176234308373935e-03
4.917294071278126635e-03
4.814889239404714950e-03
4.611114697327456553e-03
4.347133147336345801e-03
4.068840080926110214e-03
3.871205892044886267e-03
3.623515403566363383e-03
3.545514159778962240e-03
3.383693004770533044e-03
3.286072099294733585e-03
3.119549555901710621e-03
2.993634685871969688e-03
2.969064087813963991e-03
2.552571043015311805e-03
2.360269628098986359e-03
2.194116986859351911e-03
2.134664837549353749e-03
2.076581362631807048e-03
1.974813118366551979e-03
1.839260730720515677e-03
1.789674559682353193e-03
1.763252810802526122e-03
1.719492789439684612e-03
1.680775746413237879e-03
1.643740269689979855e-03
1.578549833370211652e-03
1.514429502462431767e-03
1.450938261691772993e-03
1.408203994911001473e-03
1.384437902972498070e-03
1.255568009180132874e-03
1.234696300486681515e-03
1.174130896786776792e-03
1.151920235747383491e-03
1.133947969065138848e-03
1.100451625877684218e-03
1.036109691863460521e-03
9.891533764247648335e-04
9.285596153378033058e-04
8.907111263680531511e-04
8.698410382863663685e-04
8.237963917372219912e-04
8.103984088221057687e-04
7.806754072721231331e-04
7.701084478042030407e-04
7.314530101684049278e-04
7.115752129857709366e-04
7.015935209824006964e-04
6.752299413083741927e-04
6.568085685362129444e-04
6.520391965678550743e-04
6.066033834760601977e-04
5.872358328353180414e-04
5.564924538940557068e-04
5.466956450745453578e-04
5.280655866713434296e-04
5.029954147566222805e-04
5.010872054242252599e-04
4.878432943276814877e-04
4.758781487239245600e-04
4.683110956835422078e-04
4.483142033698125852e-04
4.303202206300518664e-04
4.216027894370095574e-04
4.137592586622685590e-04
4.066725128176097324e-04
3.955587546605563321e-04
3.799375265782342550e-04
3.782207632501794425e-04
3.545952534849821118e-04
3.486895360200920361e-04
3.335185028362491343e-04
3.245747405050752269e-04
3.178566530172280608e-04
3.021562201930299185e-04
2.941082017627223710e-04
2.897813295533710519e-04
2.772856467939244078e-04
2.760345898004801907e-04
2.697231666734235768e-04
2.648396794654924455e-04
2.595170235316614444e-04
2.480484213031137683e-04
2.428371991614416308e-04
2.391854992812130745e-04
2.320062769938069207e-04
2.196330501007237026e-04
2.105914227979098453e-04
2.051873162554266987e-04
2.009406745469268440e-04
1.969108648726836260e-04
1.874508536459582584e-04
1.861884587395909918e-04
1.837936094840740434e-04
1.773582072674569055e-04
1.753568682981009475e-04
1.711419458151127869e-04
1.679238581587072336e-04
1.643922097150743477e-04
1.610583012630994570e-04
1.564797293977657146e-04
1.478788853372739747e-04
1.459202035455122988e-04
1.390947151918981155e-04
1.377070799216737048e-04
1.324371878233880878e-04
1.290019192275614806e-04
1.272135126543083442e-04
1.256000558383364946e-04
1.216387908152097611e-04
1.211733817953172446e-04
1.159619743937728991e-04
1.089918747460323910e-04
1.052514350828404684e-04
1.008827057177112121e-04
9.750930288207929845e-05
9.441434767661158883e-05
9.374724370681759345e-05
9.196713992862163656e-05
8.769531119150410410e-05
8.641495961898784542e-05
8.390292352040146641e-05
8.226691783007447677e-05
8.098738629228464762e-05
7.659268887658740729e-05
7.395613915607412308e-05
7.261221423822157974e-05
7.096846096694988900e-05
6.933249375870322820e-05
6.620542976909508839e-05
6.423474926210379912e-05
6.278805048949970258e-05
6.028170688133472444e-05
5.898786822971822599e-05
5.819227003382371264e-05
5.736134887225926942e-05
5.668675745709522777e-05
5.539238001282815853e-05
5.425860517098567186e-05
5.191422304556611166e-05
5.043775934148396321e-05
4.919162897711351986e-05
4.817041300571519322e-05
4.642983740360001355e-05
4.546362123278828308e-05
4.461341699281192455e-05
4.408895706362886418e-05
4.354674472482090726e-05
4.238573876918218334e-05
4.048551522513377297e-05
3.949828251849544863e-05
3.885010788868390364e-05
3.745528041190195680e-05
3.704838992955389120e-05
3.652509512105958189e-05
3.592121655697197072e-05
3.435718968051333769e-05
3.333665211816862206e-05
3.280926045308973622e-05
3.157903170247356974e-05
3.088379870034029017e-05
2.991031578079095409e-05
2.906089339069877067e-05
2.864139768373959283e-05
2.813263972026860759e-05
2.783488659585698713e-05
2.702723999237681911e-05
2.640982323336310509e-05
2.521915025534538399e-05
2.489115909823702214e-05
2.422216806656231800e-05
2.401342260529096690e-05
2.330309899090834253e-05
2.261941490142725905e-05
2.199889147069747505e-05
2.130237622332842792e-05
2.085941882783661055e-05
2.065864938472725685e-05
2.020172957337164468e-05
1.970377364986766386e-05
1.946036516531403303e-05
1.930215358966407100e-05
1.892642838331084744e-05
1.799101004092398863e-05
1.768946795131892918e-05
1.743033212724591651e-05
1.707620724511289340e-05
1.685522650577206874e-05
1.656286323605525736e-05
1.590922171181805315e-05
1.576888021281855202e-05
1.549200002144741301e-05
1.522241943921559618e-05
1.482959819645713276e-05
1.449098492268092977e-05
1.431325117628503226e-05
1.388429634028075760e-05
1.343006928977171334e-05
1.295741274470991386e-05
1.276246730325271977e-05
1.244783477105147386e-05
1.228655866909090540e-05
1.206710397551693380e-05
1.174284965402140575e-05
1.165860333811632017e-05
1.115913015046958058e-05
1.105595029336467448e-05
1.092573848803959807e-05
1.071324271396735357e-05
1.045435877219919353e-05
1.002303043770251958e-05
9.745494921158696507e-06
9.424378067321201760e-06
9.215305602596406365e-06
9.043545991392234245e-06
8.681871001892667685e-06
8.522106021525466030e-06
8.218123466548267836e-06
8.140660171409106204e-06
8.022131042593431683e-06
7.906539974919241635e-06
7.780670144525212952e-06
7.506867623346364523e-06
7.404685793110718263e-06
7.376479084034307753e-06
7.108631228231042844e-06
6.966868281283028204e-06
6.849965694342515478e-06
6.710414952600319543e-06
6.499923840197542793e-06
6.439152910683061529e-06
6.227289207273095275e-06
6.146759915462526286e-06
5.936555597700355446e-06
5.729977143692769587e-06
5.671990316986707930e-06
5.605149788644042031e-06
5.447144747141984446e-06
5.392779862303690390e-06
5.290636555588822096e-06
5.244426304667167881e-06
5.140844553637281457e-06
5.028900815221391891e-06
4.924600436141114556e-06
4.916271793531787092e-06
4.795111669593421887e-06
4.689508531065436135e-06
4.547122548972310074e-06
4.444366044187100501e-06
4.386231698468848017e-06
4.339423750257353471e-06
4.280149677007980322e-06
4.203326807638952101e-06
4.135002915544143172e-06
4.050909614688174437e-06
4.000682273150155272e-06
3.940925509997301601e-06
3.867983835122809592e-06
3.777938709909790877e-06
3.741738322565687984e-06
3.680787914214949827e-06
3.597397396049315889e-06
3.527443922236258003e-06
3.461261126634862649e-06
3.413184098044478028e-06
3.320871133811061196e-06
3.218750247515697417e-06
3.162980232137283194e-06
3.092745085138984569e-06
3.051168011402481054e-06
3.024903154901996751e-06
2.981890449322717187e-06
2.968832720909734094e-06
2.856471781174228017e-06
2.814742521094696487e-06
2.809325173127978298e-06
2.766640616657859853e-06
2.717607965876445766e-06
2.647093389334703461e-06
2.598524054531179436e-06
2.541721967419329074e-06
2.531738762856546868e-06
2.477577406584006977e-06
2.420772476493960259e-06
2.409061420800271821e-06
2.381911970175749620e-06
2.343515490692228526e-06
2.293533207221218758e-06
2.277953862812361526e-06
2.209631363020236823e-06
2.170474069026194569e-06
2.121331613830328748e-06
2.087835240958815546e-06
2.032247105561606015e-06
2.017273763575474981e-06
1.995588682401867398e-06
1.961897406425029617e-06
1.944057677034600286e-06
1.932317065838739305e-06
1.890073929965358892e-06
1.864869678162290923e-06
1.815026014361434796e-06
1.751312018773504179e-06
1.733163071511106840e-06
1.704725554660406295e-06
1.660008516383517212e-06
1.651588662539889005e-06
1.634945078941770457e-06
1.593361074753590496e-06
1.592634229173803302e-06
1.568710183406992235e-06
1.541917285883974731e-06
1.517394028912375197e-06
1.511395641907839336e-06
1.461836272237481776e-06
1.426631111668181640e-06
1.406961618772815854e-06
1.370312211054431998e-06
1.346324345612751721e-06
1.337070483472759210e-06
1.331222301563343363e-06
1.307047587802189199e-06
1.276859071545208299e-06
1.232500598224578614e-06
1.210121217553123162e-06
1.182441148178636152e-06
1.168460054343059202e-06
1.162228902913953301e-06
1.153451834969858261e-06
1.138683308004189860e-06
1.115664935523949310e-06
1.103676321311530131e-06
1.098769396077190659e-06
1.049342039196250105e-06
1.041586460230120344e-06
1.007657391810978590e-06
9.981771111814453737e-07
9.814347659617331142e-07
9.696342394477149401e-07
9.536125058057629693e-07
9.412397110387799611e-07
9.351098488422916719e-07
9.193781841697014574e-07
9.004550398031328786e-07
8.805978890943144214e-07
8.627239270158037188e-07
8.578062461138558038e-07
8.223890928653170890e-07
7.994084999686766632e-07
7.912659688885505344e-07
7.700351629274818121e-07
7.653624779229537324e-07
7.490792664927447071e-07
7.398302987715116986e-07
7.336490518502474441e-07
7.311460055271310423e-07
7.191801209162818317e-07
7.037494631536099505e-07
6.997867056447374515e-07
6.912996965738522340e-07
6.771490133481439532e-07
6.628650089650749850e-07
6.425504170334919181e-07
6.328171661079355171e-07
6.268908781017850169e-07
6.163355497876752334e-07
5.986283138420324643e-07
5.896645756413574393e-07
5.856363420208635468e-07
5.682288135780567172e-07
5.623549923523205018e-07
5.586168833137725335e-07
5.410465848073359943e-07
5.328467450185034958e-07
5.296432818701940708e-07
5.226138157980775276e-07
5.107189202269902812e-07
5.044141708303634852e-07
5.012748254109821008e-07
4.936313719571156824e-07
4.802619841835936875e-07
4.647789475497109910e-07
4.573891676622634472e-07
4.510113947397672236e-07
4.411337655410956905e-07
4.343503269703417667e-07
4.314510434524178073e-07
4.264078224109108816e-07
4.032427014064075268e-07
3.911898367363481195e-07
3.789624848353239453e-07
3.729008114543720718e-07
3.707762542028335329e-07
3.661591091674979480e-07
3.599886679994977310e-07
3.504240476704228192e-07
3.398047844999876686e-07
3.335453403440439804e-07
3.233863632458233357e-07
3.210103647777160961e-07
3.145866539260993916e-07
3.107239075872944270e-07
3.091961766904318958e-07
2.985956289150104214e-07
2.978803143685109402e-07
2.905119999254961212e-07
2.854516816188091988e-07
2.799436348364726213e-07
2.769290234569022592e-07
2.733479336822369323e-07
2.669188266443110567e-07
2.588693097751975349e-07
2.567106303305945599e-07
2.519418265810739435e-07
2.460117340541447357e-07
2.445499027803671311e-07
2.389764129122618900e-07
2.350069835568277590e-07
2.329214376089688536e-07
2.304389327318154307e-07
2.245574396540000096e-07
2.234076415881874665e-07
2.131801696907321923e-07
2.080708739247973216e-07
2.068682781695325583e-07
2.029582959323603147e-07
1.983035497817631082e-07
1.977630936193904491e-07
1.947849141596266007e-07
1.873976601571600340e-07
1.847604457969510069e-07
1.808648024206337509e-07
1.752137163635222139e-07
1.734216241766873293e-07
1.731002029386584067e-07
1.686083033985807343e-07
1.662877223574121006e-07
1.636804731733771515e-07
1.609767593399066178e-07
1.606008655524678794e-07
1.563477339718313960e-07
1.550897594248477120e-07
1.508703337205281173e-07
1.501139312709619268e-07
1.466654070786049660e-07
1.424414705963184566e-07
1.389733601262335240e-07
1.366422061366704532e-07
1.346379568668360120e-07
1.323298661570627631e-07
1.272999291293547844e-07
1.261316150039447785e-07
1.248596915146102996e-07
1.226470011534695355e-07
1.205822751967965966e-07
1.193839973511895689e-07
1.143065967299800707e-07
1.136108476701287777e-07
1.129063515279410062e-07
1.123915449002806065e-07
1.098842948659669006e-07
1.068346907245441122e-07
1.055113133397939585e-07
1.035476928131586335e-07
9.966673905337078621e-08
9.730684251910182066e-08
9.638872322425220252e-08
9.498033246266729675e-08
9.359908552621374638e-08
9.218019789933843165e-08
9.071080360750842533e-08
8.877763660702999220e-08
8.776714093572386066e-08
8.592884237060920487e-08
8.465809374578173494e-08
8.298435956736262870e-08
8.192306667083287527e-08
7.945113123649951327e-08
7.919476270023596904e-08
7.821664296402032364e-08
7.526089990878553252e-08
7.332987803156501663e-08
7.195742756630571531e-08
7.109461592022341851e-08
7.040045507857283210e-08
6.876261213863668872e-08
6.763767314390969821e-08
6.707061530611961152e-08
6.565080352815563848e-08
6.549205449741692099e-08
6.368158318410246236e-08
6.266572736970614051e-08
6.203525453824357332e-08
6.095389682796358632e-08
5.944313008835189582e-08
5.916534285917973446e-08
5.836426360088752214e-08
5.766388318508927062e-08
5.591063103402297258e-08
5.533681821281339769e-08
5.442769757687398780e-08
5.401308805629675799e-08
5.329279357710937123e-08
5.277364645381855413e-08
5.229163371682069132e-08
5.056893969439098424e-08
5.013288559180547860e-08
4.985909916447273348e-08
4.909211823537251452e-08
4.786007510218348107e-08
4.742655114761738579e-08
4.691207005178263721e-08
4.575430323498904970e-08
4.539150213309512790e-08
4.465612308517860840e-08
4.389508025291365793e-08
4.325640052996829431e-08
4.261119471962311739e-08
4.224513620213694419e-08
4.113304133014695152e-08
4.060210937209822551e-08
3.978312451773310585e-08
3.905666033849623745e-08
3.859610288159044533e-08
3.788725854310739107e-08
3.701283084531016235e-08
3.692350959818154216e-08
3.614613533741635364e-08
3.537710846279982463e-08
3.448887555785789275e-08
3.426621928037424927e-08
3.381544556014834902e-08
3.320954862734650763e-08
3.264841466658791232e-08
3.180130590018494890e-08
3.121667542873329645e-08
3.080598171946461248e-08
3.030874350419352736e-08
2.980576898186101261e-08
2.951168183998623934e-08
2.910530148810115914e-08
2.887638170636975480e-08
2.813175481610313987e-08
2.801653590417051690e-08
2.731179544698222853e-08
2.690666657554456427e-08
2.656243784497700330e-08
2.595750683388380424e-08
2.523605484577258784e-08
2.507626870234957374e-08
2.464453643195678073e-08
2.444650983670711878e-08
2.370863839004398925e-08
2.343604099550368976e-08
2.334332484876124522e-08
2.264859504688729021e-08
2.237557185970083805e-08
2.189501159257362101e-08
2.178065807057394322e-08
2.129404014438045986e-08
2.106923056236336053e-08
2.067486342147478758e-08
2.033123063811187284e-08
2.012312271839536061e-08
1.976185522219966355e-08
1.968185341787911197e-08
1.936508963453125732e-08
1.921240355349081370e-08
1.912452078902663222e-08
1.852690340656197090e-08
1.808229170735870599e-08
1.781214414839541825e-08
1.746948472335386943e-08
1.719842567718509933e-08
1.690916433167857943e-08
1.681959267108590361e-08
1.661913658550789029e-08
1.634578470859909051e-08
1.590129629135810473e-08
1.579007208861212768e-08
1.565334830751252195e-08
1.544073716930513539e-08
1.542492831212331072e-08
1.513848309503557937e-08
1.489557447679025983e-08
1.465177215747123635e-08
1.422682248609644910e-08
1.413467750893307609e-08
1.395964425672793524e-08
1.362016518331714869e-08
1.350445799018472789e-08
1.345985772041939552e-08
1.318605851455341921e-08
1.298630965919755016e-08
1.284056664580771198e-08
1.266021626277182333e-08
1.243724622215530796e-08
1.221580175906084594e-08
1.198078079733865340e-08
1.191454378840187363e-08
1.161735346008602173e-08
1.147275449627209953e-08
1.127883977075697481e-08
1.117309421512373566e-08
1.106419546191185505e-08
1.084736256504293792e-08
1.073866707109488735e-08
1.055631466204487029e-08
1.038421559813789711e-08
1.031132843622589445e-08
1.019446179931632874e-08
9.986784861950781665e-09
9.909051020687668967e-09
9.609353554858196767e-09
9.531008327634567806e-09
9.319069231228302660e-09
9.160907144201375686e-09
9.069470627084185679e-09
8.938383024760571367e-09
8.799469003641770702e-09
8.688126319464920031e-09
8.605547359713155012e-09
8.466151750080793118e-09
8.336237199540764717e-09
8.278492864874853635e-09
8.156148890418308568e-09
7.900894755867500896e-09
7.855052821188724539e-09
7.767162545000162078e-09
7.643527959217403991e-09
7.629962506890271355e-09
7.511676083956005516e-09
7.405116735167382683e-09
7.271937994345599920e-09
7.267985885956313448e-09
7.045770213009068068e-09
6.991231567231739396e-09
6.926071540239171090e-09
6.799920381067238624e-09
6.652911217088039270e-09
6.501729262263078947e-09
6.334239578497525294e-09
6.271663894007990739e-09
6.237259667438935919e-09
6.104379731850171630e-09
6.008408671236406720e-09
5.989137590956763498e-09
5.897531401816992827e-09
5.803291087655078850e-09
5.773900432536221929e-09
5.638594466375545526e-09
5.494492247168074392e-09
5.406285893933608645e-09
5.365422091859192932e-09
5.293548382198060017e-09
5.206849297406614089e-09
5.178286974184017945e-09
5.065653468801455542e-09
5.005850143094805106e-09
4.961361569037041497e-09
4.940175525959936499e-09
4.887956323308121389e-09
4.777692563857912578e-09
4.708505438316892451e-09
4.698449682358649956e-09
4.627968652965342488e-09
4.616249610870561043e-09
4.516660291897024835e-09
4.486878970562543905e-09
4.451804167948835311e-09
4.334450799020994424e-09
4.281706482194248081e-09
4.252946173095370216e-09
4.215415258726534650e-09
4.158383252833167701e-09
4.103794232902886110e-09
4.079749242598588334e-09
4.012268416880023450e-09
3.982760245212140975e-09
3.950508891594333614e-09
3.886489010525662755e-09
3.800536942146813489e-09
3.782865921081028083e-09
3.762436727327397430e-09
3.746719345794427922e-09
3.733487109768872344e-09
3.604568283697832638e-09
3.560227798624705464e-09
3.531037105059242744e-09
3.499994574417387990e-09
3.416433928082380987e-09
3.390109416847107926e-09
3.329312681303521150e-09
3.310264649795393914e-09
3.279716299425053621e-09
3.219724833520552168e-09
3.164090020707542240e-09
3.157036670448703649e-09
3.117429027176956728e-09
3.082736557516837742e-09
3.038068655507448360e-09
3.019005045742004639e-09
2.975570751278780410e-09
2.955006813976607692e-09
2.911225244782056831e-09
2.883400485441179447e-09
2.834465349565363118e-09
2.825401960060345129e-09
2.767339696563478959e-09
2.729949383655747668e-09
2.715695050295898340e-09
2.677878342338111934e-09
2.650856969983005192e-09
2.615465067930347399e-09
2.615147493857247211e-09
2.567218549826309137e-09
2.546519496213916020e-09
2.518210408643698522e-09
2.483864494312136050e-09
2.452221429951156636e-09
2.420675325205699261e-09
2.384826848963545332e-09
2.352695151914927313e-09
2.324186856311140999e-09
2.292061792623068672e-09
2.283727356634933065e-09
2.264165095899038430e-09
2.241296004545727703e-09
2.215850425957930245e-09
2.146886777905401615e-09
2.139773600973872672e-09
2.111661471991068670e-09
2.107121313533271694e-09
2.084746333132174656e-09
2.048689787737982777e-09
2.034784285769545397e-09
2.022119505959280333e-09
1.978844488217176082e-09
1.958732629099093863e-09
1.940268577046194946e-09
1.908087713697994586e-09
1.897344055039820429e-09
1.876325822723659117e-09
1.867958501702803162e-09
1.848728562617470030e-09
1.829175167715520994e-09
1.809615835287763271e-09
1.797478720673522887e-09
1.774604900650329774e-09
1.766654408397658814e-09
1.760002846597350365e-09
1.719600785973155470e-09
1.684919934550418061e-09
1.671919954959846025e-09
1.639881332300066122e-09
1.634166212132324613e-09
1.621100638014720904e-09
1.588427863240203404e-09
1.578555257972661749e-09
1.562517624548541743e-09
1.550905988184433988e-09
1.526842739428726608e-09
1.521570938250311171e-09
1.502485044373939256e-09
1.496440782759466267e-09
1.483910638774478005e-09
1.466873761332136452e-09
1.448726116104822527e-09
1.423131578180562924e-09
1.417707298193920229e-09
1.402855301983510043e-09
1.390287168153572163e-09
1.372122422398228868e-09
1.346368412612776238e-09
1.339938844019406078e-09
1.320558261026370606e-09
1.317619221430483019e-09
1.290668561767976805e-09
1.272586627764598087e-09
1.261403713225395368e-09
1.253825416272490967e-09
1.237581731626429025e-09
1.233612914636176293e-09
1.216673040374390625e-09
1.208674701455415161e-09
1.198704956686928002e-09
1.191987659514234313e-09
1.171167042118723512e-09
1.165298035111531174e-09
1.150966361586448172e-09
1.143254863435905497e-09
1.142133170094357239e-09
1.123033610597266538e-09
1.101001709065607671e-09
1.096509062261441196e-09
1.084193046858589404e-09
1.076814856807950615e-09
1.054136805449493850e-09
1.049478710175551116e-09
1.043456435388696072e-09
1.028841123512145355e-09
1.019801322416653469e-09
1.014362281806153648e-09
1.002833183472228802e-09
9.942309124623484651e-10
9.832609886301968045e-10
9.734599377640203843e-10
9.576305008751733059e-10
9.405262622951295985e-10
9.282414085729709269e-10
9.211505925143074031e-10
9.164089661505469001e-10
9.106826043367286645e-10
9.020188341711529642e-10
8.901228593307410341e-10
8.714879856055201710e-10
8.606609403464693077e-10
8.525909507457207369e-10
8.449094519918251294e-10
8.404827620061386692e-10
8.367241778589158696e-10
8.241192279238910473e-10
8.200169343666862478e-10
8.098758997384175059e-10
8.053560945919522943e-10
7.968857577005506608e-10
7.933895384144337377e-10
7.895022291202038977e-10
7.833741401950622073e-10
7.792841230017966409e-10
7.629488151675502220e-10
7.570126727493848410e-10
7.433012238037137019e-10
7.373388858125005924e-10
7.346466346039549638e-10
7.152759662131371422e-10
7.128343252276687888e-10
7.108556257144068560e-10
6.973235620295587339e-10
6.935785330428100061e-10
6.869127107918800951e-10
6.750445193292308154e-10
6.707088059147327220e-10
6.652530487068193245e-10
6.649851668829134674e-10
6.609517821913929829e-10
6.479590819374802717e-10
6.431048398925507215e-10
6.388615272704916411e-10
6.318122664905066421e-10
6.212674907898237426e-10
6.172465133125286986e-10
6.151045179408406222e-10
6.119364816718786286e-10
5.983017316916882105e-10
5.955723481342473580e-10
5.878782052372723201e-10
5.857052609483778912e-10
5.854793885777867042e-10
5.764069683572199485e-10
5.697038362177718129e-10
5.619715300923979003e-10
5.561407000535227427e-10
5.507373628066594169e-10
5.495618743208962880e-10
5.333887429877839486e-10
5.325604215595316669e-10
5.288446088738424690e-10
5.222760980771802822e-10
5.189516015351950478e-10
5.130155112806906639e-10
5.101222239821071879e-10
5.032211627441176497e-10
5.008633767644533871e-10
4.911883596365957454e-10
4.910383865428019961e-10
4.851607246934550657e-10
4.800739992401079566e-10
4.776905545467249002e-10
4.739031791654415440e-10
4.669269016599296022e-10
4.659327177119295880e-10
4.619991204517035481e-10
4.579661877778182207e-10
4.546233393782241197e-10
4.491371024255692325e-10
4.455406931374253051e-10
4.359231377361378317e-10
4.354614187062548129e-10
4.311747218062759495e-10
4.265893113809130468e-10
4.254124996839194018e-10
4.183956602350559076e-10
4.127138748688646373e-10
4.089439211560129524e-10
4.045344877126012181e-10
4.026900195709318709e-10
4.001295557581553636e-10
3.947812468608265600e-10
3.885246617077213489e-10
3.876414717331280520e-10
3.834339524503740405e-10
3.798564991614728893e-10
3.777575117349763024e-10
3.725249551838772038e-10
3.708953448538853444e-10
3.672632936160390789e-10
3.628599227249212573e-10
3.590168052663444561e-10
3.546249570750024285e-10
3.538556724226996223e-10
3.511761376546395857e-10
3.456605242619462222e-10
3.453435545533324312e-10
3.396813346105977071e-10
3.386517741460943825e-10
3.343236016376685128e-10
3.319607517098292589e-10
3.292634512993924044e-10
3.278089033510931114e-10
3.234077891007833314e-10
3.233621145065328119e-10
3.188659839502924566e-10
3.108829032741754689e-10
3.093897579015493575e-10
3.060395207680404474e-10
3.055877226573381942e-10
3.013383648972794413e-10
2.970200731919236436e-10
2.946507803066461633e-10
2.944559151450227889e-10
2.929972456598193844e-10
2.902703163313009034e-10
2.877167707008448516e-10
2.871902610969407932e-10
2.811781588862311640e-10
2.776914074141725808e-10
2.774689977072465407e-10
2.749065758479267458e-10
2.733729571860460281e-10
2.703653424077603683e-10
2.685393805744725555e-10
2.663436495453871268e-10
2.630347820793078570e-10
2.576356959842279908e-10
2.573367435749608882e-10
2.559579146790041678e-10
2.546543132238737922e-10
2.520370770757772684e-10
2.493801211405174435e-10
2.470130125320475482e-10
2.470091603904831080e-10
2.433514461289655867e-10
2.404116043766706719e-10
2.387001348347639460e-10
2.348650026326480333e-10
2.333581842844291501e-10
2.317304862755855545e-10
2.312701147460167149e-10
2.265957642189136162e-10
2.257275982954365013e-10
2.250382732803468745e-10
2.212983170660317656e-10
2.198935248304914495e-10
2.188416588835454536e-10
2.156142010930365522e-10
2.143612633089593088e-10
2.105791019712262090e-10
2.072699837359810244e-10
2.051912390440107284e-10
2.041507639422531925e-10
2.021920203019551270e-10
1.998010719925363713e-10
1.995116563157028550e-10
1.973435709888538062e-10
1.966687274307763532e-10
1.934366495748725127e-10
1.911317798401795906e-10
1.907804583599577042e-10
1.907700526012272925e-10
1.870902636412846948e-10
1.849843117819637711e-10
1.831340718415063173e-10
1.814472045310273020e-10
1.800812468247781913e-10
1.794538342453461782e-10
1.784314981658284614e-10
1.773120405485778016e-10
1.742196782341574884e-10
1.738354184174588964e-10
1.722360093272652282e-10
1.721855838961564040e-10
1.703370632288195035e-10
1.689406114328997108e-10
1.671640658203807050e-10
1.665308966273193196e-10
1.636810745509441738e-10
1.629830340836838939e-10
1.623102370807618897e-10
1.614897039685892766e-10
1.596161892240504809e-10
1.574337814205866753e-10
1.564433831969387269e-10
1.539268213449117736e-10
1.524085602295435403e-10
1.514309359764714532e-10
1.496768447578411452e-10
1.483055839452347883e-10
1.479286945222111234e-10
1.467023442537711575e-10
1.456504806153161105e-10
1.444157610629942040e-10
1.418665444502345033e-10
1.412417671072056970e-10
1.408671781011087549e-10
1.408359142370329037e-10
1.394602227658385927e-10
1.374425142715988181e-10
1.366256402073019445e-10
1.340104927162658617e-10
1.338879005970239841e-10
1.330356315117971484e-10
1.318806085480537912e-10
1.309339530346492335e-10
1.308782550730013763e-10
1.297998793041017286e-10
1.289513596136611214e-10
1.272935503410212097e-10
1.265835878349572995e-10
1.261799981595059447e-10
1.249953647157194150e-10
1.230054308662596318e-10
1.228737043162819201e-10
1.216235994784426936e-10
1.209961886880190991e-10
1.201256136438234900e-10
1.187852023059185004e-10
1.186600073568263466e-10
1.177466897094747004e-10
1.169451230647461437e-10
1.163859871185210248e-10
1.142811907741225408e-10
1.138551986804758030e-10
1.132188562596701759e-10
1.115288887408922001e-10
1.113311597090099346e-10
1.105202335780127533e-10
1.092899500524715705e-10
1.081961306982497934e-10
1.079095500070414177e-10
1.073985768360199719e-10
1.057393896592447285e-10
1.053132965413588973e-10
1.042216390620520127e-10
1.035039139302464977e-10
1.032909784817378479e-10
1.020801044418162613e-10
1.012305043818058419e-10
1.006698954300601934e-10
9.981498575774979028e-11
9.960838254217965755e-11
9.791247866914529769e-11
9.754296720786461387e-11
9.710101047211110597e-11
9.687674480963436706e-11
9.672816558180551547e-11
9.597653982035504119e-11
9.537780185812068454e-11
9.415471611403634811e-11
9.247722367527428886e-11
9.167986932871961958e-11
9.155861690069708517e-11
9.142843421438845336e-11
9.004516145710249466e-11
9.002009870365979453e-11
8.979920814373445538e-11
8.846659120021270423e-11
8.760936299338695830e-11
8.736959943467755606e-11
8.662695546659625542e-11
8.556947597207633691e-11
8.527859233991377176e-11
8.409703051051112688e-11
8.403729559764885953e-11
8.381420898232410593e-11
8.348462756444497393e-11
8.245019381251811100e-11
8.228245081014046397e-11
8.102283962207316550e-11
8.051267497584761994e-11
7.968441707923851322e-11
7.950351926387645001e-11
7.847328565939585719e-11
7.742706543655845255e-11
7.735653733044940322e-11
7.626866180215408990e-11
7.610481301193458171e-11
7.577594796853354150e-11
7.518490359772576315e-11
7.481100272137504350e-11
7.380994514673726743e-11
7.313486083634411740e-11
7.298620073986001673e-11
7.176902697625744970e-11
7.159164351876091237e-11
7.085810065730376118e-11
7.082979729506187252e-11
7.048755890016573659e-11
7.017662114468597826e-11
6.987108950252739767e-11
6.944714866976886400e-11
6.918031860105099457e-11
6.816724444457783067e-11
6.767211772990577328e-11
6.681265089483194535e-11
6.679216346411311286e-11
6.607784382392697031e-11
6.553624288822933611e-11
6.544129192251432634e-11
6.492041918274152608e-11
6.413795669648375618e-11
6.412864633882673317e-11
6.400601966673660558e-11
6.296342996962608061e-11
6.272365880213448449e-11
6.217089398087141213e-11
6.213435913726032050e-11
6.212246300839021689e-11
6.102439208547948921e-11
6.069033287992761669e-11
6.036032122397383007e-11
5.939850380406094504e-11
5.939565722193196711e-11
5.857388796506761322e-11
5.856057564123152723e-11
5.832182834472145270e-11
5.742211296681707992e-11
5.710486398652015990e-11
5.622103027249435538e-11
5.619029677738433797e-11
5.605531895926796957e-11
5.602486226204556375e-11
5.544689126494946734e-11
5.485770314359207635e-11
5.452816739590150747e-11
5.429452901378437472e-11
5.411224259385626135e-11
5.312721125822980013e-11
5.233739738250785759e-11
5.226351314856277643e-11
5.212648396451148768e-11
5.141015174702013880e-11
5.110283974382187468e-11
5.097154661291336907e-11
5.043154379392603212e-11
5.026966287240213400e-11
5.003166560844520961e-11
4.960532085139897789e-11
4.928591753861856576e-11
4.909089448309541189e-11
4.825701413400318660e-11
4.776106579841787467e-11
4.762445967647835535e-11
4.753161737188436957e-11
4.725123723180980087e-11
4.653063742838564566e-11
4.630866045874564507e-11
4.615369269990485419e-11
4.600990471192720566e-11
4.561039547307630204e-11
4.558211685127425058e-11
4.524041415532506431e-11
4.515264136177246206e-11
4.464310997315495101e-11
4.429493576416410832e-11
4.423789408433084991e-11
4.414714085881760288e-11
4.394172124943820442e-11
4.312870383412382919e-11
4.298121075576610077e-11
4.289208475199683647e-11
4.253632803632947121e-11
4.230900502520226225e-11
4.174648307093746177e-11
4.152486167229697267e-11
4.134193765191699278e-11
4.106549996076873020e-11
4.096643027815253729e-11
4.072751603602469657e-11
4.027959318628040806e-11
4.006561422708978880e-11
4.004926020938791133e-11
3.957671459675745596e-11
3.943644253946087706e-11
3.941640868867920222e-11
3.884995709401722046e-11
3.850561413301716244e-11
3.841230919893454116e-11
3.799498907111934811e-11
3.761880915778169600e-11
3.761551926324255255e-11
3.736917774682678777e-11
3.695027375046632022e-11
3.666608235014230390e-11
3.650598377867445025e-11
3.611771393124495981e-11
3.600316930961721131e-11
3.575532584279450976e-11
3.566076503915029528e-11
3.513691812928858717e-11
3.499030513434002041e-11
3.485673151090932957e-11
3.480840860573996087e-11
3.468190155329790202e-11
3.409020766984641262e-11
3.401648191242395306e-11
3.383832752388119889e-11
3.366884460331761179e-11
3.337238407652101465e-11
3.293294299366509760e-11
3.271486937440658835e-11
3.265695925374038249e-11
3.262805077109040004e-11
3.234272390382507740e-11
3.182432453091868492e-11
3.176271226765928074e-11
3.161281757414717356e-11
3.127327349267011842e-11
3.124111531031483983e-11
3.114546178636413549e-11
3.112666271142551230e-11
3.062512586502461543e-11
3.024795456486341049e-11
3.024185411909488078e-11
3.009463650953332834e-11
2.977545733586190260e-11
2.974987851783441305e-11
2.954280969724155828e-11
2.921530063611659746e-11
2.906834728439641580e-11
2.897677884340063977e-11
2.886484461140248386e-11
2.858143367760748758e-11
2.849623536289332388e-11
2.819146384194871033e-11
2.766795587710202428e-11
2.766341535394168386e-11
2.749353887511038838e-11
2.735118791834223117e-11
2.703316058183671463e-11
2.668298933148155584e-11
2.666357523971638627e-11
2.666356288143704276e-11
2.663694324603881547e-11
2.663017556599461210e-11
2.648134166984483118e-11
2.599822667151606923e-11
2.595224156754680278e-11
2.586059293334090867e-11
2.558015935614373249e-11
2.551473756463951093e-11
2.543924293579473590e-11
2.519051594363027112e-11
2.475554053268405921e-11
2.467687669186232545e-11
2.447860648579464239e-11
2.445031753322767652e-11
2.425192551919407692e-11
2.419992283429395676e-11
2.416972185877443627e-11
2.413847414138663917e-11
2.366822389138105239e-11
2.346290193018910070e-11
2.309681881762898170e-11
2.309103299820485946e-11
2.308006826882082596e-11
2.305460468537672573e-11
2.293363171314093499e-11
2.287497893805375514e-11
2.261299732510142408e-11
2.260110130384190239e-11
2.240057843106342630e-11
2.226196572132208263e-11
2.199240194022471737e-11
2.196157679340186781e-11
2.167991673862475289e-11
2.145360340946919220e-11
2.136799193820721117e-11
2.129937904725368153e-11
2.110318315164406746e-11
2.109984734035786992e-11
2.066030930764056760e-11
2.065336034478032288e-11
2.054468358158656225e-11
2.039836491260708711e-11
2.039255074945103723e-11
2.006304540130627327e-11
1.999471069748286570e-11
1.999198144949670445e-11
1.994801592563225409e-11
1.980611350320677841e-11
1.980492194385363921e-11
1.930059626562162316e-11
1.927883233620935782e-11
1.915991867932058795e-11
1.909375120135102120e-11
1.902556748798171986e-11
1.887144210013034296e-11
1.878928882041916377e-11
1.862804418130224127e-11
1.854400098492114116e-11
1.846184253551968546e-11
1.838703964587694669e-11
1.820508543369212062e-11
1.808888505329332595e-11
1.805005315667100971e-11
1.800627313605320493e-11
1.770589694613949736e-11
1.742570580601164907e-11
1.730069352321327037e-11
1.727304287042000931e-11
1.721049279695111052e-11
1.719217447985137875e-11
1.713221631429320576e-11
1.694265477562304173e-11
1.682430077863716663e-11
1.656872430766328328e-11
1.645914632968277739e-11
1.643063490455452414e-11
1.632765027040958862e-11
1.625506690802377427e-11
1.608676616517276266e-11
1.601000275536626779e-11
1.596340376324329829e-11
1.583153518898716235e-11
1.582138551659460839e-11
1.552792103268773717e-11
1.545678521716865350e-11
1.540281142835265016e-11
1.529431953150657799e-11
1.527019623929574767e-11
1.510137072982336156e-11
1.506165385105588065e-11
1.499277480195975938e-11
1.491821121176564900e-11
1.473570799822472791e-11
1.467927618432734780e-11
1.453009774312887759e-11
1.449086588648659316e-11
1.445883244362370965e-11
1.435027455649966476e-11
1.434250799408189844e-11
1.422010321951181921e-11
1.413766697131869463e-11
1.405810954033442070e-11
1.386833087436034204e-11
1.373659469817369792e-11
1.372027810222637872e-11
1.359031951327150093e-11
1.342363660584984350e-11
1.322818355078989520e-11
1.320562743888628067e-11
1.302690915862504960e-11
1.302012025426644311e-11
1.297681001938151739e-11
1.295615598201729433e-11
1.292658835810100061e-11
1.291031835538124460e-11
1.263375610934754103e-11
1.262961786836486043e-11
1.260920255666426046e-11
1.249965158124177450e-11
1.249279384113928078e-11
1.237905226524692499e-11
1.219123094348619187e-11
1.208815771127514539e-11
1.208458695912022541e-11
1.192840136368327573e-11
1.191920648183990241e-11
1.183909517068238857e-11
1.180441650717907378e-11
1.169203446183293373e-11
1.159180684719339381e-11
1.157385086689875071e-11
1.150596351066412593e-11
1.142750591454042405e-11
1.129842433199966203e-11
1.119967239809033304e-11
1.112226665924698190e-11
1.110192168888365726e-11
1.106166019262898110e-11
1.101343369573081662e-11
1.101055789054248851e-11
1.100368599474956563e-11
1.085725226804543832e-11
1.074683973027302328e-11
1.056460815239250148e-11
1.055771156220845150e-11
1.054708788167224888e-11
1.050834378266575314e-11
1.041384330880245043e-11
1.021437650916287911e-11
1.007058954734735774e-11
1.003466210301898747e-11
9.943622809058799809e-12
9.894768175661012236e-12
9.880738851697557890e-12
9.864235631081246354e-12
9.829022569317750968e-12
9.797759621836193526e-12
9.677680445935857556e-12
9.647412017090125725e-12
9.561835638622300605e-12
9.542536811381287120e-12
9.250149285906084062e-12
9.219363530891340288e-12
9.211449271566842079e-12
9.194006825440114717e-12
9.171664000217417644e-12
9.160446084432008082e-12
9.111491987076768192e-12
8.981877250798922904e-12
8.919005871286576629e-12
8.877884685577816445e-12
8.855515183839436865e-12
8.804038238481257449e-12
8.800184965056452783e-12
8.776651753816041416e-12
8.734988679669476729e-12
8.686398408384287855e-12
8.679553573456090966e-12
8.603166822360836402e-12
8.492310651548211255e-12
8.357499726903353217e-12
8.170140254070325880e-12
8.112161866174721098e-12
8.096339409554433544e-12
8.073598493037474364e-12
8.037071077383476120e-12
7.906412153170455719e-12
7.864767188050086631e-12
7.858602702105196066e-12
7.778556867339466757e-12
7.759180785501106855e-12
7.620669871430726975e-12
7.599980534732451178e-12
7.572326697856143358e-12
7.518235357140815386e-12
7.488680982049947383e-12
7.478498389010319484e-12
7.433869389328088701e-12
7.382866119803588999e-12
7.311764897406817394e-12
7.280472198866663236e-12
7.133379943770969727e-12
7.060263511397785122e-12
7.008313380297484344e-12
6.963786913610446343e-12
6.949017178222216438e-12
6.922772344083465197e-12
6.915251023595162804e-12
6.797339733651894038e-12
6.767291649145888437e-12
6.747560400529335620e-12
6.735762119772363510e-12
6.709854565733527308e-12
6.682494938093297068e-12
6.638178432819448385e-12
6.617719986563308218e-12
6.595113275287378245e-12
6.505722709657934462e-12
6.442372127177673483e-12
6.401090558524417366e-12
6.392169001083718121e-12
6.337111166172550360e-12
6.260820983000703467e-12
6.240795389436596207e-12
6.227560775149338226e-12
6.218761751806190721e-12
6.149844999279561668e-12
6.138204005252484328e-12
6.073567232924529969e-12
6.037816686819157171e-12
6.021794501985701288e-12
5.785061838844744291e-12
5.773731709591424611e-12
5.772103309899053657e-12
5.717129187065675077e-12
5.701279183898436279e-12
5.694306391118575232e-12
5.566207881319118611e-12
5.517954073149742231e-12
5.499444854832262934e-12
5.492170357288593130e-12
5.489990236526352531e-12
5.468321270486823613e-12
5.417354893393943106e-12
5.389967101744821024e-12
5.371694761019130647e-12
5.353898628343617972e-12
5.320059092793979882e-12
5.261522091036201939e-12
5.199489545039937305e-12
5.189734999068500925e-12
5.185188267495566921e-12
5.165287777352135352e-12
5.083091005068441034e-12
5.055297944798252610e-12
4.973502334950291188e-12
4.860841075390639205e-12
4.852999266675488582e-12
4.839324767848479911e-12
4.826238131723613178e-12
4.809854718132866158e-12
4.795325481643611897e-12
4.782212036544025227e-12
4.747995298447819892e-12
4.747486176066363655e-12
4.633602653714052948e-12
4.562511345776147287e-12
4.533573315119292786e-12
4.508037714369907344e-12
4.507330935628087120e-12
4.494058250441587358e-12
4.466865230069936184e-12
4.453479093843429611e-12
4.430429678431220658e-12
4.338534180023544681e-12
4.230050228167438005e-12
4.224800031974601482e-12
4.202516740439332876e-12
4.189758833721815239e-12
4.162713425089835630e-12
4.116672069968812111e-12
4.101930783246130926e-12
4.095326801918879135e-12
4.053934719234136505e-12
4.047838654773877697e-12
4.030458608838479142e-12
3.994681866271681831e-12
3.939493990023186512e-12
3.930250590693292057e-12
3.926406811789627353e-12
3.906848435077778852e-12
3.899217549655829674e-12
3.865724969029703018e-12
3.857035751869788321e-12
3.807172341637825570e-12
3.776831095517366899e-12
3.764868319803704842e-12
3.729425060097039685e-12
3.695349950031180804e-12
3.685770928260416884e-12
3.676718602709090528e-12
3.641245812935238028e-12
3.631082182423000431e-12
3.541206995566762563e-12
3.500258875349042378e-12
3.495062532084365028e-12
3.440016053821235822e-12
3.432346990314529581e-12
3.374277634536875353e-12
3.316830320141535184e-12
3.307026135531006500e-12
3.305128651757557764e-12
3.291604759358314873e-12
3.204111611900863033e-12
3.199025294242785439e-12
3.193771047704863628e-12
3.185156463022814607e-12
3.177524815304426546e-12
3.162557074637484597e-12
3.159147000615843043e-12
3.088005211531705070e-12
3.066040740344741730e-12
3.018570581428034737e-12
2.988859126683433058e-12
2.985521438438928762e-12
2.954425083198047250e-12
2.927897918901595271e-12
2.923033436073732901e-12
2.921463526419319115e-12
2.915652445679392719e-12
2.869634030156639559e-12
2.842735834070311354e-12
2.808311043922075552e-12
2.767342611864950355e-12
2.701610698456527260e-12
2.700605147594376791e-12
2.696525614240094692e-12
2.661550911335094453e-12
2.661255644079658153e-12
2.642899529698412643e-12
2.598013652945769734e-12
2.582191673902082611e-12
2.581520524784434218e-12
2.578676742863351253e-12
2.555504052066097323e-12
2.534305790262314649e-12
2.489959004335633105e-12
2.484613497647841098e-12
2.477470334744846907e-12
2.399897892633961393e-12
2.388388972145659713e-12
2.373938414394572953e-12
2.373777433900532192e-12
2.336340851934346721e-12
2.299098125350566147e-12
2.294573522109951302e-12
2.285967973091494241e-12
2.271259885283951729e-12
2.254386653697508783e-12
2.232858509953529522e-12
2.225106497461450955e-12
2.223142637771522101e-12
2.184714355307927492e-12
2.173011228742859135e-12
2.169386578972733963e-12
2.144789073926526424e-12
2.104555283977921676e-12
2.096196950843333405e-12
2.087386599460367352e-12
2.083110727391241433e-12
2.071010740437330168e-12
2.054256021873982179e-12
2.053687050356911289e-12
2.043204600199925523e-12
2.038814120502414872e-12
2.034245517386891349e-12
2.030293421742668350e-12
2.027185911782813438e-12
2.021553432672585627e-12
1.987849964390506179e-12
1.949719866106693079e-12
1.920400941258398422e-12
1.912656344195329081e-12
1.907079719310881394e-12
1.848077551399954049e-12
1.817281463110333219e-12
1.812134961315179197e-12
1.783648023937873486e-12
1.778096139492933821e-12
1.753283512173936939e-12
1.734714808444345107e-12
1.721984787359916919e-12
1.721359867441753047e-12
1.708778687385507545e-12
1.707098294998939419e-12
1.692655511446855105e-12
1.658246180005297493e-12
1.642696014424637218e-12
1.641361664458532799e-12
1.639888407287195915e-12
1.639808172665028482e-12
1.628837385272137514e-12
1.619097790975664676e-12
1.611058784383174072e-12
1.586575338330207441e-12
1.581218950250886143e-12
1.573282201881435223e-12
1.554053012303840004e-12
1.545811820633937867e-12
1.515862173145942722e-12
1.512962900002302520e-12
1.510605389078426535e-12
1.483350934026250647e-12
1.447502570044049661e-12
1.436521755884984771e-12
1.432673068398143851e-12
1.426617922140416476e-12
1.418624502752971220e-12
1.413771093865152153e-12
1.399660077514037917e-12
1.380714834010205418e-12
1.371721926494663906e-12
1.360546458666334184e-12
1.348230666651217597e-12
1.332454896419966392e-12
1.306381881759234891e-12
1.300748238307313413e-12
1.293218381151722917e-12
1.290075236789271685e-12
1.276127597976163048e-12
1.268087318964440080e-12
1.259350155890002526e-12
1.246590506385425917e-12
1.246416808528136215e-12
1.243565169229885479e-12
1.241128047351680162e-12
1.240670280409430577e-12
1.214710468310718677e-12
1.203368090187753216e-12
1.197232919299294786e-12
1.175829554237098182e-12
1.162221322825135806e-12
1.126734112469698994e-12
1.124175783130894966e-12
1.121232736199923931e-12
1.118266238140830804e-12
1.105419810450009397e-12
1.081823060821969494e-12
1.071458274242562239e-12
1.070407075082216025e-12
1.065420722412396414e-12
1.061441435864313337e-12
1.059845976479498224e-12
1.039246218508593596e-12
1.031357864392971467e-12
1.020957652575170949e-12
1.007448123594967735e-12
9.977957623215648905e-13
9.959555271498579326e-13
9.800650734793050505e-13
9.518350775192141951e-13
9.492912099408810814e-13
9.479118141947278643e-13
9.330432034978059823e-13
9.036950356066311765e-13
8.993391945881635980e-13
8.985670545030661311e-13
8.974606227436906504e-13
8.904502075618689961e-13
8.895841353084089963e-13
8.888793877407922509e-13
8.720893558982740640e-13
8.705330182139014917e-13
8.609011540339178673e-13
8.586619142542330775e-13
8.585321003482393812e-13
8.563829092852402966e-13
8.442238049751587593e-13
8.436844141321972057e-13
8.309279759454453438e-13
8.229846174381398481e-13
8.097750611505615463e-13
8.088548145861599890e-13
8.027034315030984502e-13
7.957770329882388444e-13
7.944925336510804764e-13
7.829311373927944113e-13
7.686765631610548838e-13
7.666465392841309294e-13
7.563557591349563624e-13
7.548675507899376868e-13
7.474515746841319260e-13
7.423182009811602860e-13
7.408531001783193100e-13
7.400800673888607233e-13
7.166131676291209184e-13
7.038234887319463979e-13
7.034846501606361180e-13
6.952410907755247558e-13
6.863952499499953244e-13
6.689829344340920387e-13
6.675625456538928879e-13
6.665128192232340127e-13
6.609611198902078721e-13
6.508950645471108214e-13
6.496734642081914544e-13
6.423599094148937431e-13
6.415135838805269486e-13
6.162398710664883392e-13
6.039357428854506714e-13
5.967681566995902694e-13
5.822849809595783880e-13
5.780639038731784967e-13
5.763319294207509961e-13
5.709912800495094105e-13
5.681698738303163488e-13
5.545239346821385564e-13
5.534675071734131993e-13
5.469974586992280123e-13
5.443207134719785731e-13
5.407894673060719851e-13
5.381939196125198567e-13
5.379828098355950080e-13
5.237031284413502052e-13
5.158224900268613180e-13
5.156230760120776292e-13
5.148565697533984847e-13
5.113959104763511850e-13
5.104033702762123004e-13
4.998928751924787763e-13
4.996923217180127840e-13
4.939954980713984556e-13
4.905717713095738986e-13
4.900264705255011435e-13
4.799413903234758724e-13
4.739240745532502664e-13
4.669625674381847780e-13
4.661418524159389314e-13
4.650723705542841878e-13
4.568511491991946295e-13
4.443820843154659800e-13
4.442215637125392331e-13
4.336049703017847009e-13
4.274579860020031006e-13
4.233767584885451179e-13
4.152643451050549000e-13
4.145483875621309512e-13
4.076956766383846809e-13
4.015160851840630156e-13
3.983191116448559529e-13
3.889422681481051411e-13
3.889086334956964319e-13
3.878308119007604950e-13
3.825832685206027730e-13
3.820130507210798544e-13
3.701195074538670816e-13
3.633662527049881423e-13
3.561406710135056993e-13
3.520161036363227465e-13
3.469527793022960545e-13
3.433316388465024113e-13
3.432256341818566559e-13
3.363842169152472515e-13
3.329483035477389116e-13
3.303707015000137708e-13
3.283691507086807368e-13
3.278909000054081212e-13
3.211579458200415874e-13
3.196839169918858674e-13
3.122931029834574007e-13
3.042774421073414121e-13
2.967870334764458732e-13
2.956641242444045212e-13
2.844813449872912811e-13
2.836105374104557776e-13
2.724435954577656724e-13
2.714628306865807539e-13
2.673659847518390362e-13
2.671987273152891707e-13
2.617100990429505770e-13
2.599093139727642403e-13
2.590779687322985989e-13
2.583896939726465343e-13
2.582491976309245625e-13
2.537830198362642240e-13
2.534930525103486216e-13
2.477890237449247130e-13
2.454627680901721810e-13
2.451206743530244558e-13
2.367795927086472560e-13
2.323295988775385794e-13
2.282935984339615985e-13
2.244332728478933489e-13
2.221451225222063806e-13
2.211914413364886837e-13
2.203521494455581063e-13
2.156503578111812765e-13
2.031494077309914927e-13
1.972793305265493824e-13
1.933828062250933860e-13
1.880529035447972922e-13
1.846083728557808449e-13
1.817781184443046442e-13
1.785978957092115739e-13
1.677885720812222190e-13
1.631241699248959834e-13
1.623911546425662686e-13
1.571297564274804191e-13
