2.923339309829997001e+04
1.630237144015205558e+03
1.562495416635391848e+03
2.914318152810857399e+01
2.790238800814682563e+01
2.593825928720626095e+01
2.480784250937438884e+01
2.311116577632757441e+01
2.041500427110195659e+01
1.975827388516432492e+01
1.932513174334912520e+01
1.456496604580830123e+01
1.244191086609335173e+01
1.208748294034992377e+01
9.678058081569043125e+00
8.849604836305475786e+00
7.759959490335286425e+00
7.047328966166835684e+00
6.498128046037320971e+00
5.423568565363574123e+00
4.923940854633413799e+00
4.620146773963367259e+00
4.530507498586376691e+00
4.241549225363786313e+00
3.368933851650949496e+00
2.860429794406748272e+00
2.828391661519018996e+00
2.525917658586983805e+00
1.979970340444249244e+00
1.882996483284943068e+00
1.810298986523179776e+00
1.658253730042875018e+00
1.576138423409449096e+00
1.516127527661069951e+00
1.488232771950573241e+00
1.480436824973183851e+00
1.367908210517286838e+00
1.346630394948758358e+00
1.322559910055104870e+00
1.115935011661208343e+00
1.088911158254882938e+00
9.991989209501196401e-01
9.765619301496988314e-01
9.403704702606506816e-01
9.169347995211581948e-01
9.117273506104416336e-01
8.830787529496649801e-01
8.536004158851606682e-01
7.921209276876199912e-01
6.779943906749922311e-01
6.152856723159089158e-01
5.817057881505727224e-01
4.985199365676428185e-01
4.735347283168672150e-01
4.271634156293472873e-01
4.065482280306962903e-01
4.033687171460911824e-01
3.102649564768588664e-01
2.800687736994498800e-01
2.736673995954541638e-01
2.529041771106005920e-01
2.157002335461137565e-01
2.066871212204853536e-01
1.914767593520947386e-01
1.850393502450939920e-01
1.764243687229444246e-01
1.719935931747726687e-01
1.684831504542021186e-01
1.596298861588516527e-01
1.509216000852425521e-01
1.407268734811470134e-01
1.377347304376361492e-01
1.334794446661547174e-01
1.231255965692416160e-01
1.116965531625364327e-01
1.067346954633764944e-01
1.022018142724704370e-01
9.468494926678037993e-02
8.966959335877126847e-02
8.726616266292643032e-02
8.580538769635112639e-02
8.331139293005446200e-02
8.148181424588935018e-02
7.987168794553356488e-02
7.420819047925958367e-02
7.074813697899927367e-02
6.816913435407701005e-02
6.508197855649762442e-02
6.345693994491943823e-02
5.946159090657578833e-02
5.673743093269257437e-02
5.334710867346067337e-02
4.762491876084627013e-02
4.524359603011115366e-02
4.112768474357266640e-02
4.017974102117111840e-02
3.869601114831545258e-02
3.708364502954296371e-02
3.648180005825176625e-02
3.393575740736221036e-02
2.915271771299940765e-02
2.607261783944568936e-02
2.467775493259760644e-02
2.351162039848277499e-02
2.210592663273676373e-02
2.148731544633128779e-02
2.042817348097879585e-02
1.957178868845037278e-02
1.786428731408607265e-02
1.752234198735261317e-02
1.729926514379450525e-02
1.610094123605843378e-02
1.569760138407405234e-02
1.538044450195169208e-02
1.454514737493623443e-02
1.366761203859328221e-02
1.300304260939577107e-02
1.237258205915537854e-02
1.226874541664100572e-02
1.142959199817233928e-02
1.084046858425355940e-02
1.008511721386651759e-02
9.786661296987809663e-03
9.547990113586301078e-03
9.272982068223563010e-03
9.109230122312465122e-03
9.011994382747233814e-03
8.930397471675892429e-03
8.813054895623449389e-03
8.551130075169577696e-03
7.815974411454583784e-03
7.647968873785884573e-03
7.522295726647022958e-03
6.624415025529982459e-03
6.283913585055594594e-03
6.144797837438200835e-03
6.051976180877312837e-03
5.564659117578083132e-03
5.266026895976429374e-03
4.917250094672585489e-03
4.814190890384542447e-03
4.611100913935972830e-03
4.347132027355453052e-03
4.068719512137798471e-03
3.871023438973493751e-03
3.623392026346100234e-03
3.544874977719421859e-03
3.383631648375964255e-03
3.286055414053667186e-03
3.119549545598986236e-03
2.993472172126718754e-03
2.969050973273370739e-03
2.552461572838026372e-03
2.360208413549721735e-03
2.194086939411758926e-03
2.134617590694086204e-03
2.076570143560245961e-03
1.974813085632849078e-03
1.839250944634587739e-03
1.789668696455202655e-03
1.763238601916102769e-03
1.719490757758145461e-03
1.680775364258582953e-03
1.643737381073860117e-03
1.578463592405096984e-03
1.514400178038950717e-03
1.450870563052805489e-03
1.408193298960425718e-03
1.384331661684109127e-03
1.255463404925381485e-03
1.234639983536125205e-03
1.174091521655128319e-03
1.151900376123290038e-03
1.133943263936412760e-03
1.100410439227755095e-03
1.036086817492257129e-03
9.889981442988680406e-04
9.285221978985818379e-04
8.907034069978062929e-04
8.698400481375023188e-04
8.237547754237491918e-04
8.103955425399217297e-04
7.806350357353412364e-04
7.700879817699063943e-04
7.314281926520120776e-04
7.115740832957331320e-04
7.015199976776667753e-04
6.752121027586255146e-04
6.568023814527067196e-04
6.520104338269191177e-04
6.065951532934170517e-04
5.872347170668608136e-04
5.564794022257372238e-04
5.466712646873305229e-04
5.280391693821052425e-04
5.029572544704831536e-04
5.010674535829844371e-04
4.878339761860387585e-04
4.758753528249338267e-04
4.683107847163092328e-04
4.482939227565737868e-04
4.303202197315092329e-04
4.216014546407024902e-04
4.137555913787118681e-04
4.066701298102539438e-04
3.955535662150080249e-04
3.799361099278142362e-04
3.782107138445140707e-04
3.545408054639080588e-04
3.486884701598423663e-04
3.335139743039536677e-04
3.245747402228793565e-04
3.178555575204384783e-04
3.021487336408681837e-04
2.940997072416717253e-04
2.897659860300519754e-04
2.772797390874937474e-04
2.760338756731047925e-04
2.696917224197314207e-04
2.648283818101548827e-04
2.595169375001050538e-04
2.480453348563882920e-04
2.428371509916655744e-04
2.391667510972437204e-04
2.320057450300780485e-04
2.196329481854771427e-04
2.105903976347737148e-04
2.051839493262565251e-04
2.009343222300142889e-04
1.969083897645983693e-04
1.874493530388330177e-04
1.861878170979658787e-04
1.837927762935985814e-04
1.773567423121442488e-04
1.753567828166127131e-04
1.711390874758436285e-04
1.679212261278713043e-04
1.643921995422303623e-04
1.610571262610915476e-04
1.564796012195964912e-04
1.478772306355216203e-04
1.459192734040769355e-04
1.390947120705344608e-04
1.377068273713214375e-04
1.324344763810389317e-04
1.290007335044666026e-04
1.272080305129415581e-04
1.255997859637189411e-04
1.216387708886469199e-04
1.211732735257051104e-04
1.159614048481356300e-04
1.089916425689968862e-04
1.052499877253003753e-04
1.008824878432584257e-04
9.750927048905737207e-05
9.441418317341593682e-05
9.374722037017270751e-05
9.196708420301077035e-05
8.769530260836476431e-05
8.641352124867551668e-05
8.390234929513006219e-05
8.226664538368894293e-05
8.098738533729778492e-05
7.659157076940996530e-05
7.395591513193978332e-05
7.261189834956484899e-05
7.096784695184104425e-05
6.933236776827299492e-05
6.620498372433746763e-05
6.423473169500109226e-05
6.278791548293653627e-05
6.028170637055749257e-05
5.898770951810517377e-05
5.819079350241457667e-05
5.736072005047359142e-05
5.668663878712217573e-05
5.539237567171452866e-05
5.425821014941428327e-05
5.191367590178480015e-05
5.043632887380591738e-05
4.919159302508008242e-05
4.817034082260245503e-05
4.642944070086695214e-05
4.546328346089360058e-05
4.461341628196981347e-05
4.408728236404112482e-05
4.354555718341535667e-05
4.238573327349029620e-05
4.048538504093464525e-05
3.949802980245565605e-05
3.885007883950262352e-05
3.745514802453592669e-05
3.704826947277962274e-05
3.652509310230474222e-05
3.592121568158141071e-05
3.435715451836938246e-05
3.333663771608180590e-05
3.280915443141413265e-05
3.157789656048495759e-05
3.088363897990121961e-05
2.991027268556981650e-05
2.906088987431117724e-05
2.864120367533841443e-05
2.813233551657299457e-05
2.783445077926333442e-05
2.702722660860012384e-05
2.640982293649119287e-05
2.521898478491241472e-05
2.489084016389222711e-05
2.422200982948488857e-05
2.401307203757968627e-05
2.330294544728411636e-05
2.261941419884411900e-05
2.199887263619832242e-05
2.130236186605878907e-05
2.085941634509676676e-05
2.065850411182531995e-05
2.020170657419260638e-05
1.970373125328122563e-05
1.946024759756735052e-05
1.930195313909271746e-05
1.892581884382981444e-05
1.799089194894682952e-05
1.768911898297059748e-05
1.742977523698583785e-05
1.707577734041505760e-05
1.685521817889380577e-05
1.656272154856268448e-05
1.590901741636264967e-05
1.576880565858547139e-05
1.549191660847874552e-05
1.522240070795042037e-05
1.482959723419838718e-05
1.449065131867466326e-05
1.431279215481282099e-05
1.388390288831607930e-05
1.342974209653526527e-05
1.295713633065957891e-05
1.276229307611530454e-05
1.244764786956490740e-05
1.228607166296344990e-05
1.206708051154463899e-05
1.174283385137237232e-05
1.165860311588341644e-05
1.115912542882671764e-05
1.105590742286585521e-05
1.092522453167130597e-05
1.071317185501489111e-05
1.045431115741138583e-05
1.002272819488408659e-05
9.745214892697831179e-06
9.423521513184404230e-06
9.215298502542984923e-06
9.043543747517299413e-06
8.681721594113653623e-06
8.521853562404381566e-06
8.218087856814725552e-06
8.140660065980146845e-06
8.021966705221450250e-06
7.906388667420415368e-06
7.780363758286879162e-06
7.506042110833355353e-06
7.404492732912691873e-06
7.376479076469288789e-06
7.108596290344899001e-06
6.966822268027696111e-06
6.849732333714689249e-06
6.710414217781113836e-06
6.499923424119000154e-06
6.439152830502050298e-06
6.227209490575409575e-06
6.146747160837718048e-06
5.936422304282319518e-06
5.729967384347737984e-06
5.671986290251363060e-06
5.605080470322459102e-06
5.447139860481544239e-06
5.392599374470616905e-06
5.290631065855391614e-06
5.244421354938879576e-06
5.140751953902984201e-06
5.028870965122716292e-06
4.924236798502814089e-06
4.916229531610692242e-06
4.795062729317550803e-06
4.689474277746155903e-06
4.546959653754350508e-06
4.444307188241384254e-06
4.386199147058125106e-06
4.339361358360850564e-06
4.280063271020048601e-06
4.203268418942206048e-06
4.134994242194598494e-06
4.050779621035129753e-06
4.000408851464532225e-06
3.940723660475416810e-06
3.867952074074388620e-06
3.777935699342475195e-06
3.741733126668169016e-06
3.680775722200952427e-06
3.597392536302920676e-06
3.527307942030195345e-06
3.461256540544145937e-06
3.412864152539911456e-06
3.320866600723797500e-06
3.218703665415187860e-06
3.162939903908867878e-06
3.092737771410468308e-06
3.051123222364075998e-06
3.024733939679026082e-06
2.981858770505252115e-06
2.968830822369848526e-06
2.856460557460681796e-06
2.814733215602295292e-06
2.809314427636477358e-06
2.766636007955635460e-06
2.717576588968464673e-06
2.647009127549252579e-06
2.598519352484482606e-06
2.541651055418891846e-06
2.531738662171151161e-06
2.477557299147072456e-06
2.420769555460140449e-06
2.408965147027405356e-06
2.381898177633900047e-06
2.343515469562321230e-06
2.293476107843902717e-06
2.277884520309467297e-06
2.209609181039148743e-06
2.170473673727807040e-06
2.121318879442146013e-06
2.087827175276654246e-06
2.032240289158300010e-06
2.017194576064597435e-06
1.995588394566122982e-06
1.961897113361049721e-06
1.944056335024544313e-06
1.932308783143555887e-06
1.890073885984310671e-06
1.864867340461431397e-06
1.815005142317417766e-06
1.751265456741302184e-06
1.733104746991747082e-06
1.704718832935493130e-06
1.659845273068369094e-06
1.651581951408142250e-06
1.634930517369275513e-06
1.593360646740973235e-06
1.592633031801040830e-06
1.568702650573313604e-06
1.541911220298476252e-06
1.517316439086894870e-06
1.511373058208720501e-06
1.461833914864440234e-06
1.426534696174269079e-06
1.406860307393943524e-06
1.370289121015623163e-06
1.346324166994298862e-06
1.337036567865123931e-06
1.331221802840270610e-06
1.307044101484444543e-06
1.276799137667384185e-06
1.232453904985153874e-06
1.210116154361400594e-06
1.182420164470467916e-06
1.168456810869184067e-06
1.162207115276375355e-06
1.153447774151716221e-06
1.138682567151166341e-06
1.115658238456352222e-06
1.103668902156099036e-06
1.098761596211339583e-06
1.049339559606500247e-06
1.041578197263807470e-06
1.007641185542899520e-06
9.981663963453468733e-07
9.814209863393641071e-07
9.696250696947948563e-07
9.536101796865722315e-07
9.412396111128396064e-07
9.351064360533803364e-07
9.193708752254306761e-07
9.004550118290166216e-07
8.804991999656287127e-07
8.627014846757574846e-07
8.577811140242910651e-07
8.223138628442654157e-07
7.994068480768323310e-07
7.912556935928824580e-07
7.700351439595504106e-07
7.653558987318107527e-07
7.490791107981028010e-07
7.398092058660315057e-07
7.336488062040586725e-07
7.311174507324422663e-07
7.191785144020382803e-07
7.037448521622227958e-07
6.997695131523938324e-07
6.912929740548975618e-07
6.771432606388795312e-07
6.628598326154454777e-07
6.425434013669868552e-07
6.328018717903794788e-07
6.268850340900670340e-07
6.163151188963910672e-07
5.986178849112917750e-07
5.896643445886429881e-07
5.856267492294652452e-07
5.681616680424260695e-07
5.623544559008603727e-07
5.586135631127822300e-07
5.410406010161765185e-07
5.328324717093336110e-07
5.296032677327307976e-07
5.225923621697466879e-07
5.107107951568245739e-07
5.044105145144452620e-07
5.011823698513076671e-07
4.936264837662083828e-07
4.802560648489494153e-07
4.647762895636738458e-07
4.573470319205804796e-07
4.510087567002933834e-07
4.411292792069399017e-07
4.343445082266985791e-07
4.314487723152239014e-07
4.263961348851445711e-07
4.032419128164234566e-07
3.911892411356022958e-07
3.789611338401936662e-07
3.728939159575273495e-07
3.707663258910887593e-07
3.661312881436364298e-07
3.599884371455723306e-07
3.504166055638836537e-07
3.398037262173469357e-07
3.335263576495711074e-07
3.233724671427750981e-07
3.209991080038071709e-07
3.145854102788760018e-07
3.107219373694319420e-07
3.091883921583375842e-07
2.985955599993261070e-07
2.978789929053964430e-07
2.905081570271850561e-07
2.854272624774813162e-07
2.799422152543206816e-07
2.769254752778643167e-07
2.733454206444321475e-07
2.669172683855821030e-07
2.588600132832699702e-07
2.566718339933177211e-07
2.519201439718017320e-07
2.460034825216905940e-07
2.445496165842871249e-07
2.389756337090480251e-07
2.350017645234917391e-07
2.329213943081259411e-07
2.304385559282409507e-07
2.245573751201849763e-07
2.234076155715428571e-07
2.131711372581392637e-07
2.080694472513844386e-07
2.068529830564886511e-07
2.029565735166734699e-07
1.983029970253499637e-07
1.977616985819655643e-07
1.947814390655739092e-07
1.873967382783462460e-07
1.847527130933440147e-07
1.808630394011697647e-07
1.752115140687889533e-07
1.734169666755218311e-07
1.730981791123521906e-07
1.686076819512016457e-07
1.662842252014185098e-07
1.636798017617271077e-07
1.609766721762747569e-07
1.605947622158075043e-07
1.563453311837595075e-07
1.550886378016824062e-07
1.508524684495239950e-07
1.501133437022919993e-07
1.466651659711033553e-07
1.424408382214227167e-07
1.389731502645472868e-07
1.366378115184356061e-07
1.346356519511829206e-07
1.323235433431894515e-07
1.272998531027091815e-07
1.261278763961865351e-07
1.248550741562455428e-07
1.226461150575757068e-07
1.205731261515039237e-07
1.193753554065363607e-07
1.143013359642555274e-07
1.136055700164017940e-07
1.129063037436733210e-07
1.123903729678113507e-07
1.098817811016396165e-07
1.068346441188379374e-07
1.055101316697249650e-07
1.035474200908996143e-07
9.966665899716549245e-08
9.730646525927350681e-08
9.638830240497280441e-08
9.498029566173257092e-08
9.359899411586686238e-08
9.217374006539885655e-08
9.071010384403156480e-08
8.877747340303255347e-08
8.776255953360729610e-08
8.592827749074897185e-08
8.465769792618436664e-08
8.298431998699954632e-08
8.191714893443246608e-08
7.945099611274993195e-08
7.919280443543948495e-08
7.821659986748126832e-08
7.526053587160523614e-08
7.332761040005205426e-08
7.195373860697420097e-08
7.109176526579792650e-08
7.040037601866050227e-08
6.875768171170036930e-08
6.763747655780997891e-08
6.707011081643723678e-08
6.565048965978220184e-08
6.549167568308760343e-08
6.368087318221725023e-08
6.266569264609781408e-08
6.202369285183410981e-08
6.095223141664860440e-08
5.943897907805520807e-08
5.916427486970682240e-08
5.836052540608096851e-08
5.766155647730021484e-08
5.590839505634675943e-08
5.532894905732031330e-08
5.442754699451797688e-08
5.401145176278648903e-08
5.328996364567468107e-08
5.277294104422821894e-08
5.229060092002927362e-08
5.056832399301075127e-08
5.013072618080663983e-08
4.985658781615772123e-08
4.909200856357288477e-08
4.785785160647840226e-08
4.742612293543824892e-08
4.691204336469416533e-08
4.575275831022856492e-08
4.539114700357037935e-08
4.465560417491613425e-08
4.389405191261117329e-08
4.325563216396840185e-08
4.261098238444875092e-08
4.224499698685958197e-08
4.113267032560843403e-08
4.060163670428600346e-08
3.978161676813391452e-08
3.905557710310466525e-08
3.859447547846194307e-08
3.788722836771388377e-08
3.701232811327722939e-08
3.692266276566278403e-08
3.614567624967043974e-08
3.537703921007856611e-08
3.448855258488464906e-08
3.426604579074767577e-08
3.381522240236232209e-08
3.320930079465312409e-08
3.264837769009721064e-08
3.180091868375005034e-08
3.121618097041470867e-08
3.080533659188674950e-08
3.030836577798214280e-08
2.980446829013046685e-08
2.951144561538016464e-08
2.910513166075854068e-08
2.887488666036976107e-08
2.812758192815760810e-08
2.802043702045727085e-08
2.731170377299987010e-08
2.690640893471750071e-08
2.656140174361344463e-08
2.595692255078559631e-08
2.523545063789879055e-08
2.507471250555914725e-08
2.464368528751221257e-08
2.444677602120415151e-08
2.370814271728642418e-08
2.343553682093609694e-08
2.333924289571509962e-08
2.264551232449571453e-08
2.237484855409294001e-08
2.189438911394813521e-08
2.178073086319350366e-08
2.129349461243299080e-08
2.106916598039660852e-08
2.067434547059392741e-08
2.033113699799626336e-08
2.012262751042284594e-08
1.975878236307191972e-08
1.968147553550112650e-08
1.936457255720438605e-08
1.920378980140605180e-08
1.913178223700243801e-08
1.852683498576999678e-08
1.808202730742745968e-08
1.781207035771542728e-08
1.746724563048837758e-08
1.719743429322980747e-08
1.690941900707096549e-08
1.681672138234885065e-08
1.662115480360712963e-08
1.634460904549853313e-08
1.590088746059190805e-08
1.579082281611986947e-08
1.565260344154753573e-08
1.543768839160550870e-08
1.542749970971141000e-08
1.513846433293417663e-08
1.489548337420760252e-08
1.465152940128798968e-08
1.422729939307042355e-08
1.413195210593766956e-08
1.395909471499038034e-08
1.361901238373772184e-08
1.349802805606959922e-08
1.346703001414116912e-08
1.318547136249730524e-08
1.298676670866698918e-08
1.284048021954098429e-08
1.265866120764523064e-08
1.243696352363217860e-08
1.221604582814673580e-08
1.198066365941310629e-08
1.191317630211243613e-08
1.161758980791416149e-08
1.147268271427887379e-08
1.127834150293829424e-08
1.117313907209026756e-08
1.106430638653521594e-08
1.084838681962034509e-08
1.073749393346538409e-08
1.055380069263016558e-08
1.038233146146869429e-08
1.031061220404606557e-08
1.019428005991041048e-08
9.984096695699401625e-09
9.911999897860740191e-09
9.609318686893471324e-09
9.530522878018923830e-09
9.317751016346085982e-09
9.160788242879911793e-09
9.069241638136625401e-09
8.938155172135570928e-09
8.798437930657946644e-09
8.689260646935969609e-09
8.605076371994304318e-09
8.465477656895436406e-09
8.336346120414849428e-09
8.277951532145329656e-09
8.155185135889568829e-09
7.900349511943745408e-09
7.853332682197646583e-09
7.768789845556480012e-09
7.643173602664888172e-09
7.629961745614943235e-09
7.511541201915590513e-09
7.404290703434078874e-09
7.270498387793090534e-09
7.269618836883820556e-09
7.034813839719208756e-09
7.000247768167985906e-09
6.929706083011896092e-09
6.802058264018936089e-09
6.649776960370102804e-09
6.500096449950468039e-09
6.333129933690127910e-09
6.268625622392985559e-09
6.240441513045895650e-09
6.105087723197303946e-09
6.006048811325368985e-09
5.991011073768439226e-09
5.897440012231566305e-09
5.801361805349768761e-09
5.772428397482769038e-09
5.640975358970614367e-09
5.494409924700327177e-09
5.394906343838881289e-09
5.376547315204264953e-09
5.293310048499642651e-09
5.195162838409432094e-09
5.189494887413615608e-09
5.065814289246137562e-09
4.989104387082840430e-09
4.968501179857771091e-09
4.948868971075770157e-09
4.888116738683013307e-09
4.777640677705696890e-09
4.708317493566920589e-09
4.698698228440877550e-09
4.625401762749185798e-09
4.618427997347637433e-09
4.516338063842687161e-09
4.486734155114050293e-09
4.451343253653580518e-09
4.333196660383010575e-09
4.281676604205588269e-09
4.252830519490141924e-09
4.215122672182116437e-09
4.154482899423429060e-09
4.107780534647615331e-09
4.079617642418877792e-09
4.012375110465992287e-09
3.981594719179855421e-09
3.942659598995566977e-09
3.894261890309732915e-09
3.797683744042437210e-09
3.770373886397320967e-09
3.767826482368892908e-09
3.746237383388707499e-09
3.742265432576730736e-09
3.601245230210306325e-09
3.563659606962968947e-09
3.530709355749776176e-09
3.499670778995600835e-09
3.416715988832431555e-09
3.390075649411306933e-09
3.322294186634285181e-09
3.307231257883944806e-09
3.288410446306148005e-09
3.219650856224472902e-09
3.162140475305391512e-09
3.154678339555379829e-09
3.111354838461662091e-09
3.091546734401886558e-09
3.039727477829601891e-09
3.020079611110029127e-09
2.973695819703826503e-09
2.952682619644428835e-09
2.911592016829868121e-09
2.880374311896121737e-09
2.835095404616713419e-09
2.825501949909500666e-09
2.766563353296254606e-09
2.726556521603715385e-09
2.718256164094447186e-09
2.678810623098322907e-09
2.651462166938846722e-09
2.615752299282698439e-09
2.610502796745300400e-09
2.565188135455159001e-09
2.555553955365514848e-09
2.517665337188411005e-09
2.482658380242737812e-09
2.452738310178500271e-09
2.419556079107296942e-09
2.380948297041335431e-09
2.356625822507075197e-09
2.323676210774264478e-09
2.291021335814934272e-09
2.283185318750319611e-09
2.264242122041071019e-09
2.243638602685927711e-09
2.214790983222609415e-09
2.140083308410149326e-09
2.130322213784483096e-09
2.124979802535537061e-09
2.107938658553660936e-09
2.086472499041133168e-09
2.049395959419428160e-09
2.030814777380901474e-09
2.025898251218585174e-09
1.979441721486736126e-09
1.959150523883151453e-09
1.929625196621206878e-09
1.907402528320618784e-09
1.888746228224863452e-09
1.874299444274215124e-09
1.870751752696446377e-09
1.851964703714617011e-09
1.819499207897282863e-09
1.806036901322896661e-09
1.796500580441588973e-09
1.780101548578286592e-09
1.774959318267965182e-09
1.763386798083767932e-09
1.710934189159180272e-09
1.683322658597957393e-09
1.669677656924112024e-09
1.642755626952871965e-09
1.637233717231616295e-09
1.627078609265131856e-09
1.574035053470350387e-09
1.558053772063851253e-09
1.557609185243564520e-09
1.555618867225485040e-09
1.540231512691463186e-09
1.538979721585775739e-09
1.504438881581792259e-09
1.495828141173296535e-09
1.484759830840591709e-09
1.454653844490125046e-09
1.435324650992112978e-09
1.429178135883689959e-09
1.428831267687700338e-09
1.407399603742015574e-09
1.391105973777991529e-09
1.372534574778987086e-09
1.345637804178939450e-09
1.327698556533521046e-09
1.320160843214445923e-09
1.320038653832427564e-09
1.285626647607381528e-09
1.273345263452949177e-09
1.273190607212546561e-09
1.253606182420118423e-09
1.229351427391326975e-09
1.222142929437914131e-09
1.221898949883961414e-09
1.205840710440354669e-09
1.204780158076786402e-09
1.196661158566287631e-09
1.172249902184117601e-09
1.159901017387362950e-09
1.152660501164562958e-09
1.144415090578945065e-09
1.137932937234773557e-09
1.124738717810798753e-09
1.100618637423192196e-09
1.096927040826784499e-09
1.086566832102096146e-09
1.078850213468893730e-09
1.053830905302439637e-09
1.037887556759560594e-09
1.035249340806759047e-09
1.030685615724582395e-09
1.030679620494744960e-09
1.013996505745106983e-09
1.003311897880686868e-09
9.974785548495681347e-10
9.883134506992380394e-10
9.747983441450831469e-10
9.570776633550814631e-10
9.283839337868953843e-10
9.257761890653524623e-10
9.205884170905667463e-10
9.167606929055003555e-10
9.154821511506936274e-10
9.014815124717921480e-10
8.891378872478527478e-10
8.613639286877497604e-10
8.576635104453872694e-10
8.521103931460789384e-10
8.516615987383744382e-10
8.423030570758084431e-10
8.404870727689992359e-10
8.283678550856447949e-10
8.192394758347363843e-10
8.096411401393257730e-10
8.030432710829972166e-10
7.945676790504522662e-10
7.909055178882201078e-10
7.903645688551787621e-10
7.870898830668658006e-10
7.810995843889493083e-10
7.555691262461674842e-10
7.540025458631660157e-10
7.490738489124628072e-10
7.364205751746267234e-10
7.348933266453200973e-10
7.219139663587778744e-10
7.151377506462104310e-10
7.027878295407764770e-10
6.964272927703877940e-10
6.903860736614384669e-10
6.803870426623917596e-10
6.758306836490733181e-10
6.688389939501779440e-10
6.682956150730709290e-10
6.634906114808864365e-10
6.615828176692010279e-10
6.505924752260400139e-10
6.402924212234524396e-10
6.381672494551365770e-10
6.310292963399883425e-10
6.169982228856587242e-10
6.152985236503058143e-10
6.098894577865847498e-10
6.091116809846733369e-10
6.068814791020134027e-10
5.981607703105786588e-10
5.952179071220482255e-10
5.887082104803967368e-10
5.856039679247374619e-10
5.760773937794842703e-10
5.702446887132024704e-10
5.626019053848341047e-10
5.537289488054777687e-10
5.507458647632433009e-10
5.495912255582486229e-10
5.314827030081401544e-10
5.288730177791133879e-10
5.287849382597275804e-10
5.187134795815840807e-10
5.157201370809600169e-10
5.141555621431042835e-10
5.118762583496029154e-10
5.003883561219331669e-10
4.960381434710975515e-10
4.949735593164478603e-10
4.925709452094791033e-10
4.872419070125133408e-10
4.844227980456137817e-10
4.785000308117876925e-10
4.719274807684621483e-10
4.651899087215067352e-10
4.635096389824973646e-10
4.573594277642383427e-10
4.542837232564517014e-10
4.526231710385235444e-10
4.484393925116780708e-10
4.458393057483818765e-10
4.394166179382499517e-10
4.315384207591619475e-10
4.301523675938135604e-10
4.295907433901986036e-10
4.278643734116444872e-10
4.168109350417468328e-10
4.133133539890719129e-10
4.074118011075330056e-10
4.055302971925556051e-10
3.981256193403584399e-10
3.975618439180493811e-10
3.942939942121299589e-10
3.940539195585047945e-10
3.840696227311369816e-10
3.834336841097699384e-10
3.828962891610943167e-10
3.757617588302579282e-10
3.710370959318459749e-10
3.692819153875902009e-10
3.682971404438753409e-10
3.663746314537610807e-10
3.619464811625628644e-10
3.521967329309611574e-10
3.504783905557728071e-10
3.489985332430446727e-10
3.481873957435061144e-10
3.481424200887651914e-10
3.404341847360722701e-10
3.396802621680202537e-10
3.342710292653594039e-10
3.269629009560111186e-10
3.262989797275199914e-10
3.254477229631625021e-10
3.247898942879518341e-10
3.225434334805231405e-10
3.201444005677342753e-10
3.097085162987873619e-10
3.096054968263371617e-10
3.085979909920448324e-10
3.053117789280650940e-10
3.006435550286672096e-10
2.976863570307389287e-10
2.973775660397042707e-10
2.927137212787816695e-10
2.907750617208960869e-10
2.895575797937232356e-10
2.838128322332044516e-10
2.814411847495591451e-10
2.790020092650405420e-10
2.757579741467999691e-10
2.746857718586251906e-10
2.737237921936572801e-10
2.732234108101235846e-10
2.711326130571231297e-10
2.705955187315220204e-10
2.667007161601457276e-10
2.614938330326394379e-10
2.575484489084369302e-10
2.559165301003900838e-10
2.545625643777088184e-10
2.533763131956722034e-10
2.487022262013808524e-10
2.463640231081328935e-10
2.463136380768944967e-10
2.453564760113466703e-10
2.440244653145416189e-10
2.391702320497038786e-10
2.363067699329822073e-10
2.362943990434796426e-10
2.318818225795523702e-10
2.318156972936234471e-10
2.303011018635561171e-10
2.283367785571486370e-10
2.282009667738981608e-10
2.240426448946280252e-10
2.236543279052255118e-10
2.195675864136435172e-10
2.187180444387164121e-10
2.170486355004891547e-10
2.152193171807555795e-10
2.128007534240312834e-10
2.096722396952392995e-10
2.068592794398804076e-10
2.023226033495487061e-10
1.989142232707664093e-10
1.987908532131876184e-10
1.983629087604310394e-10
1.982479107010511135e-10
1.963436105661800236e-10
1.949873272725823831e-10
1.905290101627175133e-10
1.875671831613605396e-10
1.866369204824883448e-10
1.828001868526676973e-10
1.824848433103894794e-10
1.815784450714420211e-10
1.803675827296992449e-10
1.784245441975521615e-10
1.781733937070067833e-10
1.761072551710577697e-10
1.745069142494607050e-10
1.734038151442847545e-10
1.719837286755604390e-10
1.712741295546397670e-10
1.703272670591350909e-10
1.692000016411446573e-10
1.672891697423536058e-10
1.671836793866330028e-10
1.667063656839289060e-10
1.666107789354346734e-10
1.643261754881131903e-10
1.634020563521815003e-10
1.620564411342002715e-10
1.601291541154152023e-10
1.566906187034057117e-10
1.547674568034767221e-10
1.545729695573712964e-10
1.509003156483093172e-10
1.492702253185524102e-10
1.477979467083774300e-10
1.476956010194444618e-10
1.470091840758417207e-10
1.461473248873264016e-10
1.460389745671213962e-10
1.426002090289880681e-10
1.420198919459011796e-10
1.413734906977855350e-10
1.400996287347356615e-10
1.396518367781954199e-10
1.392482422068865731e-10
1.372963578629190453e-10
1.361491383479207958e-10
1.353370369385829867e-10
1.347912326812516781e-10
1.322533803564593923e-10
1.315873532424699263e-10
1.304632037698284860e-10
1.300647607027120017e-10
1.295881405888794690e-10
1.280127341653644880e-10
1.279870239247282735e-10
1.268369738215004172e-10
1.258634957405684695e-10
1.235990538318281602e-10
1.219910065252475488e-10
1.203917011857139675e-10
1.196041917929042142e-10
1.194912716276301489e-10
1.194846615403137360e-10
1.193093206432441768e-10
1.189397814638643806e-10
1.182588708031190862e-10
1.170301395463751719e-10
1.167700837456360658e-10
1.161141474457395304e-10
1.132984432104881254e-10
1.129622116022725887e-10
1.120889514266236414e-10
1.097693542960096079e-10
1.088312967402999578e-10
1.084263937193603461e-10
1.060113782315433872e-10
1.044843556374294489e-10
1.036955889017783068e-10
1.036214405745324769e-10
1.034115766209603241e-10
1.031732189189814018e-10
1.031077881464437932e-10
1.029483350292793429e-10
1.016621922676463457e-10
1.008374638450311185e-10
9.897274119628192744e-11
9.803287781892839672e-11
9.796889466499119341e-11
9.775769182070522160e-11
9.717853004455061525e-11
9.708007825567693475e-11
9.686622893609365272e-11
9.616470903342716173e-11
9.598119240903049015e-11
9.573392670219657519e-11
9.338804569382607218e-11
9.322484609330238796e-11
9.178122453422551342e-11
9.097766816444255266e-11
9.054807541030566937e-11
9.013709006918194723e-11
8.979091000538980824e-11
8.792944701376751434e-11
8.782489838484226162e-11
8.772877384616311485e-11
8.743176405230313351e-11
8.602278748669768266e-11
8.584419982498993932e-11
8.537453536755277985e-11
8.443323264580438767e-11
8.404295483593889190e-11
8.304381825168788512e-11
8.195802183621080956e-11
8.047496627644777228e-11
8.003847139882070413e-11
7.866107048770788654e-11
7.770141752075524888e-11
7.742233298285589205e-11
7.705510757878351184e-11
7.682762968522920998e-11
7.620447414992243111e-11
7.599115849331487557e-11
7.503556256783775497e-11
7.454991114534231319e-11
7.437144310363589195e-11
7.425143239726485154e-11
7.360005568252577044e-11
7.278261670644199984e-11
7.240218491641314508e-11
7.237950687119303072e-11
7.183932104360373694e-11
7.112421602308817453e-11
7.089854808672669231e-11
7.066502992773504625e-11
6.926837725855001888e-11
6.874466853172082884e-11
6.812948984238190188e-11
6.772108999971385587e-11
6.752896636602573690e-11
6.730395207293560012e-11
6.683182478242448984e-11
6.624298248945659592e-11
6.617337200933173218e-11
6.521898028475759921e-11
6.511849652369852912e-11
6.488171691656829091e-11
6.487300439323722380e-11
6.466732218824670055e-11
6.351820404694586138e-11
6.348881810606084746e-11
6.327354658010916624e-11
6.213713526819338239e-11
6.198909501121271595e-11
6.178680199367203233e-11
6.072998588538700293e-11
6.037732184571660606e-11
5.947842923039863768e-11
5.938252987558477806e-11
5.907433992213607418e-11
5.834234894505454833e-11
5.709984504945163222e-11
5.689887771407414236e-11
5.673314598340967240e-11
5.647196986370974121e-11
5.584543196575965282e-11
5.537018517811879363e-11
5.490891031245969425e-11
5.465810767982235544e-11
5.440646005189183276e-11
5.431162403399507284e-11
5.397015000633275079e-11
5.361026485910688270e-11
5.307421725305541821e-11
5.303894514328395776e-11
5.224605505168688905e-11
5.183852869270038242e-11
5.091985698878656369e-11
5.069365363954443289e-11
4.987943717852573028e-11
4.963289066281992356e-11
4.962356143107617379e-11
4.938264050454572338e-11
4.884532755961559055e-11
4.814153557056761078e-11
4.810749900096745858e-11
4.780886388795322039e-11
4.755398101733333453e-11
4.708723827479434082e-11
4.690345582483956711e-11
4.657450930910531583e-11
4.655605624625376534e-11
4.629937240962346188e-11
4.563889074107924933e-11
4.562411074644328128e-11
4.546582992714247039e-11
4.541996034069755396e-11
4.431166587689785564e-11
4.393760089589399199e-11
4.386075173479967119e-11
4.354885795132769831e-11
4.350865539463874467e-11
4.347076413426998735e-11
4.343923625293812378e-11
4.261526850508598742e-11
4.199160443393105600e-11
4.184093476389352533e-11
4.140480872704984729e-11
4.122140672497138257e-11
4.120401946662445223e-11
4.116783761507400051e-11
4.105536137835510277e-11
4.086965426627132369e-11
4.078634032974217662e-11
4.042807914911603538e-11
4.036460865643418525e-11
4.025714511011658204e-11
3.973789166574551803e-11
3.971626284781697895e-11
3.923679483542124669e-11
3.868004554618751609e-11
3.852717897967052593e-11
3.832272207347371454e-11
3.812463971884647624e-11
3.780842859779445283e-11
3.754714609095687318e-11
3.746857844776044665e-11
3.730534562411226947e-11
3.720892795030432804e-11
3.637998154851141612e-11
3.621311279997067767e-11
3.601019929980145947e-11
3.597220187111791053e-11
3.575120233472636557e-11
3.515632543569442315e-11
3.506209429137492005e-11
3.472962133081707612e-11
3.420552828760937502e-11
3.387519719522369444e-11
3.386688615369782924e-11
3.381176985954239083e-11
3.343073387507788976e-11
3.338997675692806577e-11
3.307438033206216723e-11
3.282697207382914746e-11
3.257524324945116354e-11
3.223368447034936097e-11
3.221858705755941930e-11
3.182772761571036507e-11
3.167717320213513799e-11
3.151065031511052851e-11
3.129541354668978622e-11
3.127695278733063631e-11
3.086954188123680654e-11
3.086287385336526188e-11
3.076172525827262494e-11
3.051028946539548286e-11
3.008858165687822970e-11
2.987479915496294373e-11
2.985312299617912233e-11
2.981887604045855807e-11
2.961866957074690427e-11
2.952000346356496617e-11
2.945327351481720732e-11
2.940925895210150933e-11
2.929626429194076987e-11
2.890754134231889555e-11
2.885902528287710018e-11
2.858894399923947472e-11
2.856984944488499940e-11
2.829749545151920316e-11
2.826438688385084336e-11
2.811665891386620879e-11
2.770604693804545141e-11
2.747055166467863991e-11
2.709289536559617979e-11
2.707798489081124003e-11
2.698444721576870092e-11
2.682775973952428446e-11
2.662464115994304679e-11
2.661208990498810942e-11
2.643401450128941316e-11
2.642899953646472602e-11
2.615859487731666219e-11
2.558733406730331595e-11
2.546288823417832272e-11
2.536866208636476636e-11
2.520286239397854729e-11
2.518237266611407789e-11
2.514391381008018189e-11
2.481309382688697127e-11
2.475853677451498115e-11
2.449684049627145546e-11
2.432765362206495974e-11
2.420247789151571194e-11
2.396196411312347584e-11
2.386807856132029766e-11
2.371019095589592057e-11
2.366630806369063445e-11
2.356840553978096668e-11
2.340324294648160103e-11
2.329424711562933248e-11
2.325007793040484602e-11
2.278845612446786377e-11
2.272429263719859950e-11
2.271559431716876349e-11
2.271338715276227634e-11
2.256852624970641876e-11
2.233565734314955457e-11
2.233346583388986369e-11
2.220108309771467760e-11
2.215092903940158751e-11
2.193229770436041519e-11
2.189963277171127089e-11
2.162451538757353809e-11
2.136355337776283627e-11
2.122607992610538989e-11
2.099210280506879375e-11
2.083768632429540422e-11
2.062250499005961294e-11
2.054699575572414998e-11
2.045649631079871669e-11
2.042509724658834153e-11
2.038123658581394111e-11
2.027724625905016542e-11
2.009328528288716633e-11
2.005450403494057447e-11
1.957901669087973883e-11
1.938354052562381325e-11
1.935661934070714604e-11
1.933726527515017868e-11
1.909047973782406245e-11
1.902428730601583496e-11
1.885477102545330329e-11
1.862920203879022383e-11
1.862067399346446612e-11
1.849764900508435033e-11
1.838787726265253024e-11
1.833736053461729822e-11
1.804768343177024194e-11
1.801506674516240225e-11
1.794090012015780434e-11
1.769794192954670922e-11
1.743025826066602900e-11
1.741544203034222756e-11
1.723935007648577520e-11
1.717477998381824095e-11
1.708327517058298995e-11
1.704881823919117585e-11
1.678765783294594092e-11
1.674239061831735452e-11
1.672236969099932112e-11
1.666581661150691376e-11
1.644928101875574901e-11
1.616140785475452659e-11
1.613322611697827111e-11
1.609515076325851147e-11
1.606098478386015895e-11
1.606097904279284837e-11
1.601806339043240580e-11
1.601678082580760496e-11
1.578054650877512760e-11
1.530634159213907777e-11
1.526865688644022483e-11
1.501154380502195026e-11
1.496931703842995274e-11
1.492741897708147161e-11
1.484674802626805010e-11
1.480731249923169913e-11
1.468474426737539559e-11
1.463657551599050756e-11
1.443323118929983047e-11
1.427650911943035223e-11
1.426025100504665691e-11
1.398549720983182366e-11
1.396443974841646942e-11
1.391371183465220410e-11
1.381820729810821977e-11
1.370939410279166303e-11
1.368553901949497015e-11
1.366750854136280074e-11
1.363183733293707977e-11
1.354143155449920829e-11
1.349070131607847927e-11
1.348208237549214581e-11
1.334489524690684968e-11
1.334410832681981029e-11
1.330943947999529766e-11
1.326949552614838377e-11
1.317876458795130589e-11
1.308617181291101345e-11
1.288296325413760077e-11
1.252911422580646649e-11
1.239855339184901138e-11
1.239265328806987654e-11
1.232271617914738750e-11
1.214027332982393298e-11
1.213962126058283954e-11
1.211054323662548234e-11
1.202113359221966937e-11
1.201261610702395442e-11
1.183105906618706038e-11
1.180829777313697561e-11
1.180397241840590561e-11
1.177235472354124752e-11
1.177120928355099036e-11
1.171576011349724117e-11
1.171386380313668353e-11
1.161360494133351981e-11
1.153147275528908160e-11
1.130456626068738033e-11
1.126344091789314857e-11
1.119279574581580108e-11
1.114144596261973645e-11
1.109662610866957167e-11
1.105317301243288767e-11
1.099948587600525917e-11
1.085897972992922429e-11
1.085552976663189899e-11
1.079793586074246856e-11
1.073617802100160246e-11
1.072870096435825707e-11
1.064024141847868851e-11
1.060588242318108782e-11
1.056050786224041774e-11
1.052171835631060571e-11
1.037653486768224453e-11
1.028109354086852885e-11
1.020525519484307226e-11
1.011613643342470499e-11
1.007658056762007571e-11
1.003247196572175851e-11
9.934455005430336921e-12
9.816653535431504624e-12
9.757270136203410710e-12
9.694552060450137899e-12
9.642516617559350108e-12
9.572003261019630918e-12
9.507581797484147528e-12
9.499509782974793407e-12
9.337495272424798785e-12
9.323731478579310211e-12
9.287169140137443376e-12
9.239038621178739190e-12
8.936074585334675146e-12
8.905323683014893001e-12
8.872704989793547675e-12
8.820989522845070193e-12
8.799468002381252169e-12
8.686989822910378017e-12
8.634929253482296905e-12
8.515860936885188883e-12
8.401037173347635541e-12
8.377628955096168390e-12
8.302945514676595032e-12
8.287882064668565048e-12
8.277999337668478363e-12
8.200962473535722739e-12
8.194394593116624624e-12
8.120537690538527546e-12
8.094443987076208745e-12
8.072349603830911112e-12
8.016378618947423564e-12
7.919577680417148818e-12
7.900113313761274580e-12
7.899663600307366608e-12
7.878963909580565003e-12
7.802269618731781040e-12
7.792257987433448926e-12
7.755977955325862822e-12
7.686932704230020491e-12
7.633902528517750606e-12
7.607365369142735983e-12
7.528849304471442914e-12
7.426829550438369286e-12
7.406532874453021559e-12
7.352620109338904137e-12
7.326995825396312201e-12
7.080180902256590658e-12
6.916431374312807014e-12
6.884873762116087299e-12
6.861231378003085902e-12
6.837436540898884748e-12
6.741801211192362054e-12
6.641943189958185387e-12
6.624358982714860402e-12
6.615288893797829603e-12
6.592146794056099946e-12
6.589645416922097936e-12
6.569832177636166179e-12
6.524797481217515981e-12
6.518559052157379026e-12
6.465171088173087758e-12
6.374942109262978018e-12
6.318507341144453151e-12
6.304912489631708520e-12
6.274469357211800474e-12
6.244160636344759765e-12
6.237136270324147207e-12
6.153990297732341588e-12
6.136705282131103572e-12
6.103064293042812580e-12
6.046225094391774997e-12
6.016786373551989016e-12
6.004577265289244021e-12
5.829294345162544159e-12
5.819134586800967645e-12
5.790025870867024946e-12
5.730843455492290866e-12
5.723561675033554994e-12
5.688711326501081849e-12
5.619458460900951924e-12
5.561887817616125207e-12
5.548733922130575654e-12
5.548016545503274988e-12
5.496067459216558838e-12
5.435435230983379640e-12
5.412950957028157458e-12
5.402558718803122344e-12
5.400789534626938581e-12
5.384074521670623768e-12
5.374151115750005463e-12
5.264721208160339997e-12
5.238604260462288575e-12
5.208940978674985721e-12
5.183358384940416940e-12
5.182813850698731749e-12
5.080932318357605960e-12
5.040871959512560507e-12
4.938065969319143555e-12
4.936183319248753733e-12
4.880290007871995564e-12
4.831757137258722932e-12
4.800729072519337601e-12
4.780321363687582913e-12
4.719002953790847248e-12
4.717801792146826610e-12
4.711561459657507932e-12
4.633391947813742481e-12
4.584054506806974893e-12
4.532385679761978786e-12
4.508938601657925584e-12
4.500495131286863129e-12
4.487300532911769679e-12
4.469054791142685478e-12
4.468628792487587912e-12
4.412639700840233239e-12
4.381029904689972211e-12
4.282509233352446998e-12
4.229904246039332413e-12
4.200966897559131224e-12
4.188573055980617547e-12
4.186843908585058161e-12
4.170493022977318496e-12
4.116753905997413691e-12
4.112374846886764550e-12
4.092404749386034203e-12
4.000661101124699332e-12
3.997354677181780549e-12
3.972269089681612403e-12
3.874757501498034703e-12
3.829155869544507434e-12
3.775499928700276728e-12
3.774959675493324092e-12
3.701488112678309862e-12
3.698300252803709548e-12
3.690722384284331748e-12
3.680606654817599337e-12
3.674538394102125186e-12
3.644235913973295401e-12
3.643912967331539000e-12
3.640240311438976908e-12
3.626872506052279506e-12
3.581212124828160760e-12
3.574795542792696493e-12
3.574046656600844932e-12
3.553187302064406312e-12
3.520231280092918482e-12
3.517874593657961475e-12
3.503168859830953580e-12
3.498553963587338747e-12
3.496521400187796383e-12
3.455645110472126468e-12
3.448488629637955645e-12
3.442387682048397222e-12
3.437934078895876497e-12
3.436473468195923467e-12
3.270140062616937887e-12
3.270039260713377166e-12
3.269490512457710320e-12
3.199010257158517815e-12
3.183667804585141548e-12
3.144790560105881110e-12
3.131036130411645122e-12
3.046399815096328816e-12
3.037380953537420392e-12
3.025686571302032775e-12
3.008010298273024590e-12
2.995094250931040190e-12
2.960713235192860050e-12
2.942716463563130433e-12
2.907264938216483305e-12
2.882788315382003795e-12
2.846633019622638271e-12
2.807320257874296102e-12
2.803463175303705407e-12
2.787798432145901226e-12
2.779441961762866197e-12
2.775796951437554887e-12
2.756741036359499707e-12
2.716120715442571386e-12
2.705924255891473021e-12
2.639087701742639028e-12
2.574744258635532569e-12
2.563959140617821261e-12
2.555287496202533645e-12
2.542166912779377522e-12
2.531685245925543950e-12
2.523852353857857829e-12
2.470232511049606957e-12
2.465321784913885713e-12
2.441916186224142547e-12
2.436086035959070872e-12
2.430259706982824082e-12
2.405852046611550611e-12
2.400052119744594888e-12
2.321509627745405643e-12
2.320051857560061488e-12
2.306702789468059627e-12
2.297734423262244868e-12
2.296037345956785255e-12
2.294378677424550998e-12
2.255472131971455075e-12
2.222411953493091167e-12
2.214122638876011080e-12
2.163489057059732033e-12
2.129037709229166982e-12
2.124763265817628163e-12
2.107141996606162149e-12
2.084164486292108746e-12
2.060229591211598749e-12
2.058352779181776847e-12
2.057389587378338357e-12
2.017595240840830107e-12
2.010333941087425598e-12
1.991135094303907816e-12
1.980454470867661191e-12
1.969688618539545210e-12
1.962945677870140383e-12
1.926711340417078220e-12
1.924146631522902060e-12
1.881425658302702114e-12
1.873585964457959116e-12
1.820439690878419371e-12
1.815159867514016709e-12
1.812018204699945081e-12
1.789259458225242963e-12
1.788363013987935745e-12
1.783039829234681013e-12
1.769291753155265732e-12
1.766721449417754511e-12
1.751924258663660222e-12
1.747109273892586913e-12
1.738205099862184481e-12
1.732917427159712821e-12
1.729073740258800379e-12
1.718396458515227244e-12
1.704460408670309290e-12
1.703971047737710763e-12
1.687779805982239851e-12
1.665632564363927824e-12
1.647438434488517110e-12
1.646471534871778229e-12
1.626451061104369005e-12
1.626259366525279586e-12
1.626009905436484429e-12
1.555935109367578029e-12
1.550646664442793161e-12
1.532268693567371149e-12
1.523973885349578441e-12
1.503289713607047747e-12
1.487573822222261141e-12
1.465002253624048106e-12
1.441328501251241964e-12
1.423560430732993832e-12
1.415650847276718281e-12
1.415012236358530463e-12
1.396724979122288484e-12
1.386078328445612692e-12
1.379052450873508448e-12
1.375956075802841269e-12
1.370650154928206690e-12
1.356403992559823251e-12
1.320794773609423763e-12
1.303309489857370167e-12
1.289837247655313653e-12
1.287996073289058612e-12
1.284474697212317290e-12
1.278909039824116301e-12
1.261591666132809865e-12
1.228116430615763285e-12
1.218326375548046987e-12
1.213141693897364152e-12
1.204412528084706106e-12
1.203478051888797380e-12
1.201768557672665040e-12
1.176047659751510546e-12
1.162391057639536870e-12
1.136336886947120237e-12
1.135157899978822057e-12
1.120548820606004706e-12
1.120032474894230983e-12
1.110134594891225369e-12
1.102380581918588447e-12
1.088852441879302113e-12
1.088686644908999753e-12
1.086143398960265068e-12
1.081231817275511045e-12
1.080264298560970834e-12
1.061824888230544881e-12
1.060095553596005702e-12
1.053846495157895121e-12
1.039933016451368595e-12
1.029891522973174894e-12
1.025409311858618953e-12
1.011612702327462800e-12
9.777494089319231195e-13
9.560624954072649332e-13
9.521832496467873615e-13
9.457695486684458682e-13
9.369570840487583420e-13
9.214406437295849640e-13
9.116117928153513548e-13
9.111146147780475099e-13
9.092668708037445951e-13
9.071023187185303495e-13
8.873225212088813495e-13
8.863499008316035827e-13
8.721804334519773806e-13
8.602669994790602029e-13
8.567211399945902877e-13
8.542613182779807643e-13
8.524989482576652614e-13
8.524192912066579287e-13
8.263805658976344507e-13
8.259394566490137741e-13
7.953186436855161745e-13
7.860883698352293620e-13
7.838657051971517698e-13
7.733199970477657171e-13
7.728338111171407467e-13
7.717182083300977597e-13
7.713178319900549764e-13
7.350871557662941463e-13
7.273307954013928316e-13
7.095320218589594036e-13
7.086648027061673936e-13
7.060334053873517154e-13
6.951257869730292824e-13
6.942273989828505491e-13
6.908110185563704121e-13
6.876308881557893113e-13
6.772092507648896013e-13
6.735935454027651123e-13
6.619270371413236964e-13
6.586293235586153722e-13
6.562531078482261673e-13
6.312008497658176787e-13
6.099687963938914671e-13
6.025417113452926744e-13
5.942643596741572866e-13
5.876287447170759918e-13
5.872512130029113126e-13
5.832257855749225347e-13
5.804117867526587447e-13
5.784193421900781207e-13
5.701010560715959312e-13
5.667509530833429221e-13
5.649256131437154350e-13
5.639848248252480431e-13
5.540744082680878480e-13
5.488552356568966197e-13
5.482344774874375552e-13
5.477413864022426110e-13
5.444085115844780220e-13
5.343240608020707436e-13
5.310412642442121529e-13
5.273148699577006431e-13
5.211905810086621358e-13
5.156403056328121784e-13
5.043377842144605030e-13
5.028923669625170659e-13
4.968868968966122565e-13
4.864516040036560749e-13
4.830798318893967810e-13
4.749159981623743183e-13
4.628304454157749560e-13
4.538973841283372750e-13
4.504415742991106896e-13
4.494150980204332181e-13
4.488817877900494618e-13
4.467155696954221083e-13
4.378057657095881122e-13
4.333704848596622331e-13
4.308788515234181103e-13
4.167620908526712940e-13
4.104884039128415079e-13
4.090491322933289673e-13
4.068836105744747875e-13
4.062080150158049638e-13
3.921500797803950947e-13
3.901218036604737222e-13
3.821216222712090310e-13
3.722382119504165009e-13
3.708364199324023464e-13
3.703444213999562359e-13
3.665487908075992587e-13
3.616169895915136639e-13
3.599921343365334096e-13
3.538011047276847497e-13
3.534102976113578831e-13
3.463107402488249641e-13
3.436117227933163083e-13
3.338957509949937093e-13
3.313963940624219571e-13
3.313486726125992720e-13
3.304499467377109800e-13
3.229758613723013869e-13
3.224620453693301359e-13
3.208332600993197345e-13
3.205318273425185874e-13
3.202197989375447737e-13
3.186003793545760528e-13
2.965849914548323339e-13
2.941352452587491419e-13
2.781778909862109783e-13
2.750665461542916627e-13
2.672143372112899941e-13
2.665885133121296287e-13
2.574900517582538529e-13
2.563933036254443407e-13
2.545732022592261672e-13
2.423533692623237819e-13
2.398492005847566392e-13
2.382090871931432862e-13
2.372409067321678654e-13
2.345926418084254240e-13
2.254540366034528885e-13
2.222004082236780686e-13
2.183323309764777130e-13
2.179541071344271431e-13
2.172331442827707268e-13
2.126840315936654870e-13
1.998173088416178584e-13
1.996881659292200117e-13
1.956349460681478140e-13
1.908837711433127008e-13
1.892585480060092038e-13
1.874139793738171036e-13
1.858217669876529269e-13
1.799257498375519483e-13
1.661372340787030421e-13
1.624522318084659924e-13
1.621837115574599977e-13
1.556197096415547682e-13
1.417804576650627192e-13
1.400415465817785198e-13
1.264670163525307530e-13
1.224270444165744133e-13
1.214994741945878712e-13
1.212064422819168675e-13
1.205003427631798785e-13
1.158515745515636316e-13
1.151718247311193695e-13
1.121540425582682783e-13
1.086264877911527875e-13
1.050264149804052285e-13
9.120805397212927318e-14
8.848206605442197323e-14
8.827427593133105829e-14
8.740014504166358554e-14
8.711102148283178954e-14
8.454512172970113805e-14
8.255104161085245507e-14
7.600753026114644434e-14
6.875935173789083388e-14
3.732202045495685452e-14
0.000000000000000000e+00
