# index, s_values, normalised s_values, cumulative energy 
0,170.978,1,      0.8921475714
1,40.3762,0.236149,      0.9418993092
2,39.5284,0.23119,      0.9895836983
3,5.39844,0.0315739,      0.9904730928
4,5.28227,0.0308945,      0.9913246207
5,5.09296,0.0297873,       0.992116207
6,4.98075,0.029131,      0.9928732952
7,4.80741,0.0281172,       0.993578604
8,4.5183,0.0264262,      0.9942016311
9,4.44503,0.0259977,      0.9948046161
10,4.39604,0.0257112,      0.9953943824
11,3.81641,0.0223211,      0.9958388774
12,3.52731,0.0206302,      0.9962185809
13,3.47671,0.0203343,      0.9965874679
14,3.11096,0.0181951,      0.9968828238
15,2.97483,0.0173989,      0.9971528969
16,2.78567,0.0162926,      0.9973897161
17,2.65468,0.0155265,      0.9976047872
18,2.54914,0.0149092,      0.9978030977
19,2.32886,0.0136208,      0.9979686147
20,2.219,0.0129783,       0.998118884
21,2.14945,0.0125715,      0.9982598821
22,2.1285,0.012449,      0.9983981446
23,2.0595,0.0120454,      0.9985275886
24,1.83547,0.0107351,      0.9986304021
25,1.69128,0.00989182,       0.998717697
26,1.68178,0.00983626,      0.9988040141
27,1.58931,0.00929544,      0.9988811003
28,1.40711,0.00822981,      0.9989415252
29,1.37222,0.00802574,      0.9989989907
30,1.34547,0.00786929,      0.9990542376
31,1.28773,0.00753158,      0.9991048443
32,1.25544,0.00734273,      0.9991529451
33,1.23131,0.00720159,      0.9991992144
34,1.21993,0.00713503,      0.9992446324
35,1.21673,0.00711632,      0.9992898126
36,1.16958,0.00684052,      0.9993315585
37,1.16044,0.00678711,      0.9993726551
38,1.15003,0.00672617,      0.9994130171
39,1.05638,0.00617845,      0.9994470733
40,1.04351,0.00610319,      0.9994803048
41,0.999599,0.00584637,      0.9995107985
42,0.988211,0.00577977,      0.9995406013
43,0.969727,0.00567166,      0.9995692996
44,0.957567,0.00560054,      0.9995972827
45,0.954844,0.00558461,      0.9996251069
46,0.939723,0.00549617,      0.9996520568
47,0.923905,0.00540366,      0.9996781071
48,0.890012,0.00520542,      0.9997022811
49,0.823404,0.00481586,      0.9997229722
50,0.784401,0.00458774,      0.9997417495
51,0.762696,0.00446079,      0.9997595021
52,0.706059,0.00412954,       0.999774716
53,0.688139,0.00402473,      0.9997891674
54,0.653577,0.00382259,      0.9998022036
55,0.637611,0.00372921,      0.9998146107
56,0.635113,0.0037146,      0.9998269207
57,0.557014,0.00325782,      0.9998363894
58,0.529215,0.00309523,      0.9998449366
59,0.523132,0.00305965,      0.9998532884
60,0.502896,0.00294129,      0.9998610065
61,0.464435,0.00271635,      0.9998675893
62,0.454629,0.00265899,       0.999873897
63,0.437581,0.00255928,      0.9998797405
64,0.430162,0.00251589,      0.9998853875
65,0.420029,0.00245663,      0.9998907717
66,0.414721,0.00242559,      0.9998960206
67,0.410467,0.0024007,      0.9999011624
68,0.399537,0.00233678,       0.999906034
69,0.388486,0.00227215,      0.9999106398
70,0.375136,0.00219406,      0.9999149345
71,0.371126,0.00217061,      0.9999191379
72,0.365348,0.00213682,      0.9999232115
73,0.350893,0.00205227,       0.999926969
74,0.33421,0.0019547,      0.9999303778
75,0.326703,0.00191079,      0.9999336351
76,0.31969,0.00186978,      0.9999367541
77,0.307709,0.0017997,      0.9999396438
78,0.299449,0.00175139,      0.9999423803
79,0.295408,0.00172776,      0.9999450435
80,0.292926,0.00171324,      0.9999476621
81,0.288637,0.00168816,      0.9999502046
82,0.28545,0.00166952,      0.9999526913
83,0.282616,0.00165294,      0.9999551288
84,0.272412,0.00159326,      0.9999573935
85,0.265985,0.00155567,      0.9999595526
86,0.261092,0.00152705,       0.999961633
87,0.255112,0.00149208,      0.9999636192
88,0.251907,0.00147333,      0.9999655558
89,0.243847,0.00142619,      0.9999673704
90,0.238196,0.00139314,      0.9999691019
91,0.23097,0.00135088,        0.99997073
92,0.218231,0.00127637,      0.9999721834
93,0.212705,0.00124405,      0.9999735642
94,0.2028,0.00118612,      0.9999748193
95,0.200449,0.00117237,      0.9999760455
96,0.196713,0.00115052,      0.9999772264
97,0.192571,0.00112629,      0.9999783582
98,0.191002,0.00111712,      0.9999794715
99,0.184217,0.00107743,      0.9999805072
100,0.170742,0.000998619,      0.9999813969
101,0.16147,0.000944393,      0.9999821925
102,0.157092,0.000918784,      0.9999829457
103,0.153335,0.000896813,      0.9999836632
104,0.148681,0.00086959,      0.9999843378
105,0.146586,0.000857337,      0.9999849936
106,0.142927,0.00083594,       0.999985617
107,0.139899,0.00081823,      0.9999862143
108,0.133657,0.000781724,      0.9999867595
109,0.132372,0.000774206,      0.9999872942
110,0.131527,0.000769262,      0.9999878222
111,0.126889,0.00074214,      0.9999883135
112,0.12529,0.000732786,      0.9999887926
113,0.124018,0.000725345,       0.999989262
114,0.120603,0.000705374,      0.9999897059
115,0.116909,0.000683765,       0.999990123
116,0.114031,0.000666934,      0.9999905198
117,0.111232,0.000650565,      0.9999908974
118,0.110764,0.000647829,      0.9999912718
119,0.106909,0.000625282,      0.9999916206
120,0.104118,0.000608954,      0.9999919515
121,0.100425,0.000587355,      0.9999922592
122,0.0989276,0.000578599,      0.9999925579
123,0.0977138,0.0005715,      0.9999928493
124,0.0962963,0.00056321,      0.9999931323
125,0.0954423,0.000558215,      0.9999934103
126,0.0949315,0.000555227,      0.9999936853
127,0.0945008,0.000552708,      0.9999939578
128,0.0938779,0.000549065,      0.9999942268
129,0.0924723,0.000540844,      0.9999944878
130,0.088408,0.000517073,      0.9999947263
131,0.0874527,0.000511486,      0.9999949597
132,0.0867312,0.000507266,      0.9999951893
133,0.0813905,0.00047603,      0.9999953914
134,0.0792711,0.000463634,      0.9999955832
135,0.0783888,0.000458473,      0.9999957707
136,0.0777944,0.000454997,      0.9999959554
137,0.0745966,0.000436294,      0.9999961253
138,0.0725674,0.000424426,       0.999996286
139,0.0701231,0.00041013,       0.999996436
140,0.0693844,0.000405809,      0.9999965829
141,0.0679051,0.000397157,      0.9999967237
142,0.0659328,0.000385622,      0.9999968563
143,0.0637865,0.000373069,      0.9999969805
144,0.0622175,0.000363893,      0.9999970986
145,0.0601946,0.000352061,      0.9999972092
146,0.0595389,0.000348226,      0.9999973174
147,0.058169,0.000340214,      0.9999974207
148,0.0573241,0.000335272,      0.9999975209
149,0.0558529,0.000326668,      0.9999976161
150,0.0547126,0.000319999,      0.9999977075
151,0.054489,0.000318691,      0.9999977981
152,0.0505219,0.000295488,       0.999997876
153,0.048582,0.000284142,       0.999997948
154,0.0468411,0.00027396,       0.999998015
155,0.0462019,0.000270222,      0.9999980801
156,0.0455694,0.000266522,      0.9999981435
157,0.0444389,0.00025991,      0.9999982038
158,0.0428865,0.000250831,      0.9999982599
159,0.0423045,0.000247427,      0.9999983145
160,0.0419909,0.000245593,      0.9999983683
161,0.0414667,0.000242527,      0.9999984208
162,0.0409973,0.000239781,      0.9999984721
163,0.040543,0.000237125,      0.9999985223
164,0.0397299,0.000232369,      0.9999985704
165,0.0389153,0.000227604,      0.9999986167
166,0.0380903,0.000222779,      0.9999986609
167,0.0375259,0.000219478,      0.9999987039
168,0.0372066,0.000217611,      0.9999987462
169,0.0354325,0.000207235,      0.9999987845
170,0.0351374,0.000205509,      0.9999988222
171,0.034265,0.000200406,       0.999998858
172,0.0339397,0.000198503,      0.9999988931
173,0.0336741,0.00019695,      0.9999989277
174,0.0331724,0.000194016,      0.9999989613
175,0.0321883,0.00018826,       0.999998993
176,0.0314483,0.000183932,      0.9999990231
177,0.0304717,0.00017822,      0.9999990515
178,0.0298447,0.000174553,      0.9999990787
179,0.0294931,0.000172496,      0.9999991052
180,0.0287011,0.000167865,      0.9999991303
181,0.0284674,0.000166498,      0.9999991551
182,0.0279398,0.000163412,      0.9999991789
183,0.0277505,0.000162304,      0.9999992024
184,0.0270449,0.000158178,      0.9999992247
185,0.0266753,0.000156016,      0.9999992464
186,0.0264862,0.00015491,      0.9999992678
187,0.0259848,0.000151978,      0.9999992884
188,0.0256282,0.000149892,      0.9999993085
189,0.0255345,0.000149344,      0.9999993284
190,0.0246292,0.000144049,      0.9999993469
191,0.0242329,0.000141731,      0.9999993648
192,0.0235898,0.00013797,      0.9999993818
193,0.023381,0.000136749,      0.9999993985
194,0.0229791,0.000134398,      0.9999994146
195,0.0224267,0.000131167,        0.99999943
196,0.0223845,0.000130921,      0.9999994452
197,0.022087,0.00012918,      0.9999994601
198,0.0218146,0.000127587,      0.9999994747
199,0.0216405,0.000126569,      0.9999994889
200,0.021173,0.000123835,      0.9999995026
201,0.0207442,0.000121327,      0.9999995158
202,0.0205329,0.000120091,      0.9999995286
203,0.020341,0.000118969,      0.9999995413
204,0.0201661,0.000117946,      0.9999995537
205,0.0198885,0.000116322,      0.9999995657
206,0.0194919,0.000114003,      0.9999995773
207,0.0194476,0.000113744,      0.9999995889
208,0.0188293,0.000110127,      0.9999995997
209,0.0186732,0.000109214,      0.9999996103
210,0.0182624,0.000106811,      0.9999996205
211,0.018016,0.00010537,      0.9999996304
212,0.0178285,0.000104274,      0.9999996401
213,0.0173824,0.000101665,      0.9999996493
214,0.0171493,0.000100302,      0.9999996583
215,0.0170225,9.95598e-05,      0.9999996672
216,0.0166517,9.73911e-05,      0.9999996756
217,0.0166143,9.71721e-05,       0.999999684
218,0.0164223,9.60493e-05,      0.9999996923
219,0.0162735,9.51793e-05,      0.9999997004
220,0.0161095,9.422e-05,      0.9999997083
221,0.0157495,9.21141e-05,      0.9999997158
222,0.0155832,9.11419e-05,      0.9999997233
223,0.015465,9.04505e-05,      0.9999997306
224,0.0152317,8.90861e-05,      0.9999997376
225,0.01482,8.6678e-05,      0.9999997443
226,0.0145117,8.4875e-05,      0.9999997508
227,0.0143242,8.37784e-05,       0.999999757
228,0.0141751,8.29063e-05,      0.9999997632
229,0.0140324,8.20715e-05,      0.9999997692
230,0.0136912,8.0076e-05,      0.9999997749
231,0.0136451,7.98061e-05,      0.9999997806
232,0.013557,7.92911e-05,      0.9999997862
233,0.0133175,7.78905e-05,      0.9999997916
234,0.0132422,7.745e-05,      0.9999997969
235,0.013082,7.6513e-05,      0.9999998022
236,0.0129584,7.57902e-05,      0.9999998073
237,0.0128216,7.49896e-05,      0.9999998123
238,0.0126908,7.4225e-05,      0.9999998172
239,0.0125092,7.31626e-05,       0.999999822
240,0.0121605,7.11232e-05,      0.9999998265
241,0.0120797,7.06507e-05,       0.999999831
242,0.0117938,6.89788e-05,      0.9999998352
243,0.0117349,6.86338e-05,      0.9999998394
244,0.011508,6.73071e-05,      0.9999998435
245,0.0113578,6.64288e-05,      0.9999998474
246,0.0112787,6.59656e-05,      0.9999998513
247,0.0112071,6.55473e-05,      0.9999998551
248,0.011029,6.45054e-05,      0.9999998588
249,0.0110079,6.43819e-05,      0.9999998625
250,0.0107685,6.29821e-05,      0.9999998661
251,0.0104399,6.106e-05,      0.9999998694
252,0.0102591,6.00028e-05,      0.9999998726
253,0.010044,5.87446e-05,      0.9999998757
254,0.00987468,5.77542e-05,      0.9999998787
255,0.0097167,5.68302e-05,      0.9999998815
256,0.00968231,5.66291e-05,      0.9999998844
257,0.00958995,5.60889e-05,      0.9999998872
258,0.00936458,5.47707e-05,      0.9999998899
259,0.00929589,5.4369e-05,      0.9999998925
260,0.00915982,5.35732e-05,      0.9999998951
261,0.0090701,5.30484e-05,      0.9999998976
262,0.0089993,5.26343e-05,      0.9999999001
263,0.00875166,5.1186e-05,      0.9999999024
264,0.00859976,5.02976e-05,      0.9999999046
265,0.00852126,4.98384e-05,      0.9999999069
266,0.00842424,4.9271e-05,       0.999999909
267,0.00832661,4.86999e-05,      0.9999999111
268,0.00813664,4.75889e-05,      0.9999999132
269,0.00801466,4.68754e-05,      0.9999999151
270,0.00792388,4.63445e-05,       0.999999917
271,0.00776413,4.54102e-05,      0.9999999189
272,0.00768035,4.49201e-05,      0.9999999207
273,0.00762829,4.46157e-05,      0.9999999225
274,0.00757369,4.42963e-05,      0.9999999242
275,0.00752905,4.40353e-05,      0.9999999259
276,0.00744261,4.35297e-05,      0.9999999276
277,0.00736602,4.30817e-05,      0.9999999293
278,0.00720511,4.21407e-05,      0.9999999309
279,0.00710185,4.15367e-05,      0.9999999324
280,0.00701367,4.1021e-05,      0.9999999339
281,0.00694049,4.05929e-05,      0.9999999354
282,0.00681392,3.98526e-05,      0.9999999368
283,0.00674265,3.94358e-05,      0.9999999382
284,0.00667933,3.90655e-05,      0.9999999395
285,0.00663983,3.88344e-05,      0.9999999409
286,0.00659891,3.85951e-05,      0.9999999422
287,0.00651043,3.80777e-05,      0.9999999435
288,0.00636281,3.72143e-05,      0.9999999448
289,0.00628475,3.67577e-05,       0.999999946
290,0.00623298,3.64549e-05,      0.9999999471
291,0.00612006,3.57945e-05,      0.9999999483
292,0.00608673,3.55995e-05,      0.9999999494
293,0.0060436,3.53473e-05,      0.9999999505
294,0.00599343,3.50539e-05,      0.9999999516
295,0.0058615,3.42822e-05,      0.9999999527
296,0.00577379,3.37692e-05,      0.9999999537
297,0.00572793,3.3501e-05,      0.9999999547
298,0.00561942,3.28664e-05,      0.9999999557
299,0.00555731,3.25031e-05,      0.9999999566
300,0.00546903,3.19868e-05,      0.9999999575
301,0.00539082,3.15293e-05,      0.9999999584
302,0.00535175,3.13008e-05,      0.9999999593
303,0.00530399,3.10215e-05,      0.9999999601
304,0.00527584,3.08569e-05,       0.999999961
305,0.00519877,3.04061e-05,      0.9999999618
306,0.00513905,3.00568e-05,      0.9999999626
307,0.00502185,2.93714e-05,      0.9999999634
308,0.00498907,2.91797e-05,      0.9999999641
309,0.00492159,2.87849e-05,      0.9999999649
310,0.00490031,2.86605e-05,      0.9999999656
311,0.00482731,2.82336e-05,      0.9999999663
312,0.00475599,2.78164e-05,       0.999999967
313,0.0046903,2.74322e-05,      0.9999999677
314,0.00461545,2.69944e-05,      0.9999999683
315,0.00456721,2.67123e-05,       0.999999969
316,0.00454516,2.65834e-05,      0.9999999696
317,0.00449463,2.62878e-05,      0.9999999702
318,0.00443889,2.59618e-05,      0.9999999708
319,0.00441138,2.58009e-05,      0.9999999714
320,0.0043934,2.56957e-05,       0.999999972
321,0.00435038,2.54441e-05,      0.9999999726
322,0.00424157,2.48077e-05,      0.9999999731
323,0.00420584,2.45988e-05,      0.9999999737
324,0.0041749,2.44178e-05,      0.9999999742
325,0.00413228,2.41686e-05,      0.9999999747
326,0.00410551,2.4012e-05,      0.9999999752
327,0.00406973,2.38027e-05,      0.9999999757
328,0.00398861,2.33282e-05,      0.9999999762
329,0.003971,2.32252e-05,      0.9999999767
330,0.00393598,2.30204e-05,      0.9999999772
331,0.00390159,2.28193e-05,      0.9999999776
332,0.00385092,2.25229e-05,      0.9999999781
333,0.00380666,2.22641e-05,      0.9999999785
334,0.00378323,2.2127e-05,       0.999999979
335,0.00372611,2.1793e-05,      0.9999999794
336,0.00366466,2.14336e-05,      0.9999999798
337,0.0035996,2.1053e-05,      0.9999999802
338,0.00357244,2.08942e-05,      0.9999999806
339,0.00352812,2.0635e-05,       0.999999981
340,0.00350515,2.05006e-05,      0.9999999814
341,0.00347377,2.03171e-05,      0.9999999817
342,0.00342678,2.00423e-05,      0.9999999821
343,0.00341447,1.99703e-05,      0.9999999824
344,0.00334053,1.95378e-05,      0.9999999828
345,0.00332504,1.94472e-05,      0.9999999831
346,0.00330533,1.93319e-05,      0.9999999834
347,0.0032731,1.91434e-05,      0.9999999838
348,0.00323331,1.89107e-05,      0.9999999841
349,0.00316587,1.85163e-05,      0.9999999844
350,0.00312173,1.82581e-05,      0.9999999847
351,0.00306978,1.79542e-05,       0.999999985
352,0.00303567,1.77548e-05,      0.9999999853
353,0.00300725,1.75885e-05,      0.9999999855
354,0.00294648,1.72331e-05,      0.9999999858
355,0.00291922,1.70737e-05,      0.9999999861
356,0.00286672,1.67666e-05,      0.9999999863
357,0.00285318,1.66875e-05,      0.9999999866
358,0.00283231,1.65654e-05,      0.9999999868
359,0.00281183,1.64456e-05,      0.9999999871
360,0.00278933,1.6314e-05,      0.9999999873
361,0.00273972,1.60238e-05,      0.9999999875
362,0.00272112,1.59151e-05,      0.9999999877
363,0.00271597,1.58849e-05,       0.999999988
364,0.0026662,1.55938e-05,      0.9999999882
365,0.00263947,1.54375e-05,      0.9999999884
366,0.0026172,1.53073e-05,      0.9999999886
367,0.00259045,1.51508e-05,      0.9999999888
368,0.00254949,1.49113e-05,       0.999999989
369,0.00253755,1.48414e-05,      0.9999999892
370,0.00249544,1.45951e-05,      0.9999999894
371,0.00247926,1.45005e-05,      0.9999999896
372,0.00243648,1.42503e-05,      0.9999999898
373,0.00239374,1.40003e-05,      0.9999999899
374,0.00238159,1.39293e-05,      0.9999999901
375,0.00236751,1.38469e-05,      0.9999999903
376,0.00233391,1.36504e-05,      0.9999999905
377,0.0023222,1.35819e-05,      0.9999999906
378,0.00230014,1.34528e-05,      0.9999999908
379,0.00229007,1.3394e-05,      0.9999999909
380,0.00226732,1.32609e-05,      0.9999999911
381,0.00224251,1.31158e-05,      0.9999999912
382,0.00221906,1.29787e-05,      0.9999999914
383,0.00221726,1.29681e-05,      0.9999999915
384,0.00218976,1.28073e-05,      0.9999999917
385,0.00216552,1.26655e-05,      0.9999999918
386,0.00213236,1.24716e-05,       0.999999992
387,0.00210815,1.233e-05,      0.9999999921
388,0.00209433,1.22491e-05,      0.9999999922
389,0.00208311,1.21835e-05,      0.9999999924
390,0.00206883,1.21e-05,      0.9999999925
391,0.00205019,1.1991e-05,      0.9999999926
392,0.00203347,1.18932e-05,      0.9999999928
393,0.00201265,1.17714e-05,      0.9999999929
394,0.0020001,1.1698e-05,       0.999999993
395,0.00198513,1.16104e-05,      0.9999999931
396,0.00196671,1.15027e-05,      0.9999999932
397,0.00194369,1.13681e-05,      0.9999999934
398,0.00193436,1.13135e-05,      0.9999999935
399,0.00191853,1.1221e-05,      0.9999999936
400,0.00189668,1.10931e-05,      0.9999999937
401,0.00187811,1.09845e-05,      0.9999999938
402,0.00186045,1.08812e-05,      0.9999999939
403,0.00184739,1.08049e-05,       0.999999994
404,0.00182232,1.06583e-05,      0.9999999941
405,0.00179407,1.0493e-05,      0.9999999942
406,0.00177847,1.04017e-05,      0.9999999943
407,0.00175862,1.02857e-05,      0.9999999944
408,0.00174675,1.02162e-05,      0.9999999945
409,0.00173918,1.01719e-05,      0.9999999946
410,0.00172681,1.00996e-05,      0.9999999947
411,0.00172303,1.00775e-05,      0.9999999948
412,0.00169011,9.88495e-06,      0.9999999949
413,0.00167772,9.81248e-06,      0.9999999949
414,0.0016761,9.80304e-06,       0.999999995
415,0.00166332,9.72829e-06,      0.9999999951
416,0.00164851,9.64165e-06,      0.9999999952
417,0.00162696,9.51564e-06,      0.9999999953
418,0.00161199,9.42808e-06,      0.9999999954
419,0.00159426,9.32435e-06,      0.9999999954
420,0.00159114,9.30615e-06,      0.9999999955
421,0.00157403,9.20603e-06,      0.9999999956
422,0.00155588,9.09991e-06,      0.9999999957
423,0.00155208,9.0777e-06,      0.9999999957
424,0.00154334,9.02655e-06,      0.9999999958
425,0.00153085,8.95353e-06,      0.9999999959
426,0.00151442,8.85743e-06,       0.999999996
427,0.00150927,8.82727e-06,       0.999999996
428,0.00148648,8.69397e-06,      0.9999999961
429,0.00147325,8.61663e-06,      0.9999999962
430,0.00145647,8.5185e-06,      0.9999999962
431,0.00144493,8.45099e-06,      0.9999999963
432,0.00142557,8.33773e-06,      0.9999999963
433,0.00142028,8.30681e-06,      0.9999999964
434,0.00141265,8.2622e-06,      0.9999999965
435,0.00140068,8.19216e-06,      0.9999999965
436,0.00139429,8.15483e-06,      0.9999999966
437,0.00139008,8.13015e-06,      0.9999999966
438,0.0013748,8.04081e-06,      0.9999999967
439,0.0013656,7.98701e-06,      0.9999999968
440,0.00134722,7.87951e-06,      0.9999999968
441,0.00132335,7.73992e-06,      0.9999999969
442,0.00131647,7.69968e-06,      0.9999999969
443,0.00130565,7.63637e-06,       0.999999997
444,0.00128835,7.53519e-06,       0.999999997
445,0.00128514,7.51641e-06,      0.9999999971
446,0.00127864,7.47842e-06,      0.9999999971
447,0.00126228,7.38274e-06,      0.9999999972
448,0.001262,7.38105e-06,      0.9999999972
449,0.00125248,7.32539e-06,      0.9999999973
450,0.00124174,7.26257e-06,      0.9999999973
451,0.00123179,7.20441e-06,      0.9999999974
452,0.00122938,7.19029e-06,      0.9999999974
453,0.00120906,7.07147e-06,      0.9999999975
454,0.00119438,6.98557e-06,      0.9999999975
455,0.00118611,6.93723e-06,      0.9999999975
456,0.00117059,6.84647e-06,      0.9999999976
457,0.00116031,6.78633e-06,      0.9999999976
458,0.0011563,6.76289e-06,      0.9999999977
459,0.00115379,6.74816e-06,      0.9999999977
460,0.00114326,6.6866e-06,      0.9999999977
461,0.00112996,6.60879e-06,      0.9999999978
462,0.00111016,6.493e-06,      0.9999999978
463,0.00110005,6.43389e-06,      0.9999999979
464,0.00108739,6.35984e-06,      0.9999999979
465,0.00108095,6.32218e-06,      0.9999999979
466,0.00107806,6.30525e-06,       0.999999998
467,0.00107399,6.28144e-06,       0.999999998
468,0.00106709,6.24111e-06,       0.999999998
469,0.00105625,6.17769e-06,      0.9999999981
470,0.00105056,6.1444e-06,      0.9999999981
471,0.00104822,6.13073e-06,      0.9999999981
472,0.00102437,5.99126e-06,      0.9999999982
473,0.00102058,5.96907e-06,      0.9999999982
474,0.00100381,5.87102e-06,      0.9999999982
475,0.000999083,5.84335e-06,      0.9999999983
476,0.000990667,5.79413e-06,      0.9999999983
477,0.000984695,5.7592e-06,      0.9999999983
478,0.00097653,5.71144e-06,      0.9999999984
479,0.000970175,5.67428e-06,      0.9999999984
480,0.000967009,5.65576e-06,      0.9999999984
481,0.000958838,5.60797e-06,      0.9999999984
482,0.000948923,5.54998e-06,      0.9999999985
483,0.000938349,5.48814e-06,      0.9999999985
484,0.000928817,5.43239e-06,      0.9999999985
485,0.000926165,5.41687e-06,      0.9999999985
486,0.000906815,5.3037e-06,      0.9999999986
487,0.000894096,5.22931e-06,      0.9999999986
488,0.000889526,5.20258e-06,      0.9999999986
489,0.000877516,5.13234e-06,      0.9999999986
490,0.000874846,5.11673e-06,      0.9999999987
491,0.000865494,5.06202e-06,      0.9999999987
492,0.000860122,5.03061e-06,      0.9999999987
493,0.000856533,5.00962e-06,      0.9999999987
494,0.000855054,5.00097e-06,      0.9999999988
495,0.000848044,4.95997e-06,      0.9999999988
496,0.000838895,4.90646e-06,      0.9999999988
497,0.000836522,4.89258e-06,      0.9999999988
498,0.00083144,4.86286e-06,      0.9999999988
499,0.000822887,4.81283e-06,      0.9999999989
500,0.000814162,4.7618e-06,      0.9999999989
501,0.000801588,4.68826e-06,      0.9999999989
502,0.000795488,4.65258e-06,      0.9999999989
503,0.000791761,4.63078e-06,      0.9999999989
504,0.000785057,4.59158e-06,       0.999999999
505,0.000773704,4.52517e-06,       0.999999999
506,0.000767896,4.4912e-06,       0.999999999
507,0.000765263,4.4758e-06,       0.999999999
508,0.000753765,4.40856e-06,       0.999999999
509,0.000749903,4.38597e-06,       0.999999999
510,0.000747405,4.37136e-06,      0.9999999991
511,0.000735555,4.30205e-06,      0.9999999991
512,0.000729954,4.26929e-06,      0.9999999991
513,0.000727738,4.25633e-06,      0.9999999991
514,0.000722906,4.22807e-06,      0.9999999991
515,0.00071464,4.17973e-06,      0.9999999991
516,0.000710219,4.15387e-06,      0.9999999992
517,0.000707942,4.14055e-06,      0.9999999992
518,0.000702586,4.10922e-06,      0.9999999992
519,0.000693005,4.05319e-06,      0.9999999992
520,0.000681745,3.98733e-06,      0.9999999992
521,0.000676274,3.95534e-06,      0.9999999992
522,0.000671572,3.92783e-06,      0.9999999992
523,0.000664176,3.88457e-06,      0.9999999993
524,0.000659048,3.85458e-06,      0.9999999993
525,0.000656848,3.84171e-06,      0.9999999993
526,0.00065299,3.81915e-06,      0.9999999993
527,0.000635013,3.71401e-06,      0.9999999993
528,0.000625451,3.65809e-06,      0.9999999993
529,0.000615598,3.60046e-06,      0.9999999993
530,0.00061065,3.57152e-06,      0.9999999993
531,0.000608906,3.56132e-06,      0.9999999994
532,0.000605088,3.53899e-06,      0.9999999994
533,0.00059999,3.50917e-06,      0.9999999994
534,0.00059196,3.4622e-06,      0.9999999994
535,0.000582927,3.40937e-06,      0.9999999994
536,0.000577517,3.37773e-06,      0.9999999994
537,0.000568658,3.32592e-06,      0.9999999994
538,0.000566568,3.31369e-06,      0.9999999994
539,0.000560879,3.28042e-06,      0.9999999994
540,0.000557424,3.26022e-06,      0.9999999994
541,0.000556047,3.25216e-06,      0.9999999995
542,0.000546439,3.19597e-06,      0.9999999995
543,0.000545783,3.19213e-06,      0.9999999995
544,0.000538988,3.15239e-06,      0.9999999995
545,0.000534254,3.1247e-06,      0.9999999995
546,0.000529096,3.09453e-06,      0.9999999995
547,0.000526237,3.07781e-06,      0.9999999995
548,0.000522824,3.05785e-06,      0.9999999995
549,0.00051664,3.02168e-06,      0.9999999995
550,0.000508783,2.97573e-06,      0.9999999995
551,0.000506628,2.96312e-06,      0.9999999995
552,0.000501916,2.93557e-06,      0.9999999996
553,0.000495987,2.90089e-06,      0.9999999996
554,0.00049452,2.8923e-06,      0.9999999996
555,0.000488851,2.85915e-06,      0.9999999996
556,0.00048477,2.83528e-06,      0.9999999996
557,0.000482619,2.8227e-06,      0.9999999996
558,0.00048004,2.80762e-06,      0.9999999996
559,0.000473875,2.77156e-06,      0.9999999996
560,0.00047266,2.76445e-06,      0.9999999996
561,0.000461705,2.70038e-06,      0.9999999996
562,0.000456146,2.66787e-06,      0.9999999996
563,0.000454811,2.66006e-06,      0.9999999996
564,0.000450507,2.63489e-06,      0.9999999996
565,0.000445312,2.6045e-06,      0.9999999996
566,0.000444704,2.60095e-06,      0.9999999996
567,0.000441341,2.58127e-06,      0.9999999997
568,0.000432893,2.53187e-06,      0.9999999997
569,0.000429829,2.51395e-06,      0.9999999997
570,0.00042528,2.48734e-06,      0.9999999997
571,0.000418583,2.44817e-06,      0.9999999997
572,0.000416434,2.4356e-06,      0.9999999997
573,0.000416051,2.43336e-06,      0.9999999997
574,0.000410619,2.40159e-06,      0.9999999997
575,0.00040778,2.38499e-06,      0.9999999997
576,0.000404574,2.36624e-06,      0.9999999997
577,0.000401219,2.34662e-06,      0.9999999997
578,0.000400743,2.34383e-06,      0.9999999997
579,0.000395405,2.31261e-06,      0.9999999997
580,0.000393813,2.3033e-06,      0.9999999997
581,0.000388397,2.27162e-06,      0.9999999997
582,0.000387445,2.26605e-06,      0.9999999997
583,0.000382969,2.23988e-06,      0.9999999997
584,0.000377413,2.20738e-06,      0.9999999997
585,0.000372791,2.18035e-06,      0.9999999997
586,0.000369646,2.16195e-06,      0.9999999997
587,0.000366927,2.14605e-06,      0.9999999998
588,0.000363763,2.12755e-06,      0.9999999998
589,0.000356791,2.08677e-06,      0.9999999998
590,0.000355145,2.07714e-06,      0.9999999998
591,0.000353348,2.06663e-06,      0.9999999998
592,0.000350209,2.04827e-06,      0.9999999998
593,0.000347236,2.03089e-06,      0.9999999998
594,0.000345507,2.02077e-06,      0.9999999998
595,0.000338085,1.97736e-06,      0.9999999998
596,0.000337054,1.97133e-06,      0.9999999998
597,0.000336015,1.96526e-06,      0.9999999998
598,0.000335247,1.96076e-06,      0.9999999998
599,0.000331484,1.93876e-06,      0.9999999998
600,0.000326856,1.91169e-06,      0.9999999998
601,0.000324823,1.8998e-06,      0.9999999998
602,0.000321788,1.88205e-06,      0.9999999998
603,0.0003157,1.84644e-06,      0.9999999998
604,0.00031194,1.82445e-06,      0.9999999998
605,0.000310465,1.81582e-06,      0.9999999998
606,0.000308189,1.80251e-06,      0.9999999998
607,0.00030594,1.78935e-06,      0.9999999998
608,0.000303601,1.77568e-06,      0.9999999998
609,0.000301181,1.76152e-06,      0.9999999998
610,0.000297955,1.74266e-06,      0.9999999998
611,0.000296247,1.73267e-06,      0.9999999998
612,0.000293135,1.71446e-06,      0.9999999998
613,0.00029096,1.70174e-06,      0.9999999998
614,0.00028807,1.68484e-06,      0.9999999998
615,0.000286212,1.67397e-06,      0.9999999998
616,0.000281871,1.64858e-06,      0.9999999998
617,0.000281412,1.6459e-06,      0.9999999998
618,0.000279672,1.63572e-06,      0.9999999998
619,0.000274337,1.60452e-06,      0.9999999998
620,0.000270791,1.58378e-06,      0.9999999999
621,0.000268242,1.56887e-06,      0.9999999999
622,0.00026663,1.55944e-06,      0.9999999999
623,0.000265331,1.55184e-06,      0.9999999999
624,0.000262217,1.53363e-06,      0.9999999999
625,0.000260072,1.52109e-06,      0.9999999999
626,0.000258979,1.51469e-06,      0.9999999999
627,0.000256224,1.49858e-06,      0.9999999999
628,0.000255913,1.49676e-06,      0.9999999999
629,0.000252351,1.47593e-06,      0.9999999999
630,0.000250331,1.46412e-06,      0.9999999999
631,0.000249046,1.4566e-06,      0.9999999999
632,0.000246885,1.44396e-06,      0.9999999999
633,0.000243801,1.42592e-06,      0.9999999999
634,0.000243237,1.42262e-06,      0.9999999999
635,0.000241579,1.41293e-06,      0.9999999999
636,0.000240128,1.40444e-06,      0.9999999999
637,0.00023645,1.38293e-06,      0.9999999999
638,0.000235221,1.37574e-06,      0.9999999999
639,0.000233297,1.36449e-06,      0.9999999999
640,0.000232404,1.35926e-06,      0.9999999999
641,0.000230846,1.35015e-06,      0.9999999999
642,0.000229724,1.34359e-06,      0.9999999999
643,0.000228671,1.33743e-06,      0.9999999999
644,0.000224874,1.31522e-06,      0.9999999999
645,0.000223899,1.30952e-06,      0.9999999999
646,0.000223286,1.30594e-06,      0.9999999999
647,0.000221567,1.29588e-06,      0.9999999999
648,0.000218764,1.27949e-06,      0.9999999999
649,0.000217775,1.27371e-06,      0.9999999999
650,0.000216592,1.26678e-06,      0.9999999999
651,0.000213899,1.25103e-06,      0.9999999999
652,0.000213052,1.24608e-06,      0.9999999999
653,0.000211319,1.23594e-06,      0.9999999999
654,0.000209509,1.22536e-06,      0.9999999999
655,0.00020798,1.21641e-06,      0.9999999999
656,0.000206424,1.20732e-06,      0.9999999999
657,0.000205536,1.20212e-06,      0.9999999999
658,0.000202812,1.18619e-06,      0.9999999999
659,0.000201498,1.17851e-06,      0.9999999999
660,0.000199453,1.16655e-06,      0.9999999999
661,0.000197625,1.15585e-06,      0.9999999999
662,0.000196455,1.14901e-06,      0.9999999999
663,0.000194646,1.13843e-06,      0.9999999999
664,0.000192386,1.12521e-06,      0.9999999999
665,0.000192153,1.12385e-06,      0.9999999999
666,0.00019012,1.11196e-06,      0.9999999999
667,0.000188088,1.10007e-06,      0.9999999999
668,0.000185711,1.08617e-06,      0.9999999999
669,0.000185111,1.08266e-06,      0.9999999999
670,0.000183889,1.07552e-06,      0.9999999999
671,0.000182234,1.06584e-06,      0.9999999999
672,0.000180689,1.0568e-06,      0.9999999999
673,0.000178328,1.04299e-06,      0.9999999999
674,0.000176681,1.03336e-06,      0.9999999999
675,0.000175514,1.02653e-06,      0.9999999999
676,0.000174093,1.01822e-06,      0.9999999999
677,0.00017264,1.00972e-06,      0.9999999999
678,0.000171789,1.00474e-06,      0.9999999999
679,0.000170602,9.97804e-07,      0.9999999999
680,0.000169926,9.93849e-07,      0.9999999999
681,0.000167713,9.80904e-07,      0.9999999999
682,0.000167393,9.79034e-07,      0.9999999999
683,0.000165263,9.66573e-07,      0.9999999999
684,0.000164032,9.59375e-07,      0.9999999999
685,0.000162977,9.53204e-07,      0.9999999999
686,0.000161112,9.42295e-07,      0.9999999999
687,0.000158857,9.29107e-07,      0.9999999999
688,0.00015835,9.26144e-07,      0.9999999999
689,0.000156983,9.18149e-07,      0.9999999999
690,0.000156355,9.14474e-07,      0.9999999999
691,0.000153974,9.00553e-07,      0.9999999999
692,0.000153087,8.9536e-07,      0.9999999999
693,0.000152772,8.93519e-07,      0.9999999999
694,0.000150484,8.80139e-07,      0.9999999999
695,0.000149582,8.74864e-07,                 1
696,0.000147968,8.6542e-07,                 1
697,0.000147583,8.63171e-07,                 1
698,0.000145923,8.53461e-07,                 1
699,0.000145152,8.48954e-07,                 1
700,0.000143786,8.40962e-07,                 1
701,0.000142587,8.33952e-07,                 1
702,0.000141854,8.29665e-07,                 1
703,0.000140566,8.2213e-07,                 1
704,0.000140291,8.2052e-07,                 1
705,0.000139157,8.13887e-07,                 1
706,0.000138578,8.10502e-07,                 1
707,0.000138318,8.08981e-07,                 1
708,0.000136113,7.96088e-07,                 1
709,0.000134469,7.86473e-07,                 1
710,0.000133462,7.8058e-07,                 1
711,0.000132164,7.72988e-07,                 1
712,0.000131139,7.66994e-07,                 1
713,0.000130036,7.60545e-07,                 1
714,0.000129679,7.58457e-07,                 1
715,0.000128923,7.54034e-07,                 1
716,0.000127846,7.47735e-07,                 1
717,0.000126099,7.37515e-07,                 1
718,0.000125662,7.34958e-07,                 1
719,0.00012511,7.31735e-07,                 1
720,0.000124248,7.26694e-07,                 1
721,0.000124207,7.26454e-07,                 1
722,0.000123038,7.19617e-07,                 1
723,0.000122047,7.13818e-07,                 1
724,0.000121044,7.07949e-07,                 1
725,0.000119278,6.97624e-07,                 1
726,0.000118878,6.95283e-07,                 1
727,0.000118149,6.91017e-07,                 1
728,0.000116701,6.82548e-07,                 1
729,0.000116181,6.7951e-07,                 1
730,0.000116048,6.78729e-07,                 1
731,0.000114828,6.71596e-07,                 1
732,0.000113959,6.66517e-07,                 1
733,0.000113316,6.62752e-07,                 1
734,0.000112511,6.58043e-07,                 1
735,0.000111521,6.52255e-07,                 1
736,0.000110526,6.46436e-07,                 1
737,0.000109456,6.40178e-07,                 1
738,0.000109147,6.38373e-07,                 1
739,0.000107785,6.30403e-07,                 1
740,0.000107111,6.26459e-07,                 1
741,0.0001062,6.21131e-07,                 1
742,0.000105703,6.18227e-07,                 1
743,0.000105187,6.15209e-07,                 1
744,0.000104156,6.09176e-07,                 1
745,0.000103622,6.06055e-07,                 1
746,0.000102732,6.00848e-07,                 1
747,0.000101894,5.95947e-07,                 1
748,0.000101541,5.93885e-07,                 1
749,0.000100967,5.90526e-07,                 1
750,9.99205e-05,5.84406e-07,                 1
751,9.9559e-05,5.82292e-07,                 1
752,9.80271e-05,5.73333e-07,                 1
753,9.76244e-05,5.70977e-07,                 1
754,9.65285e-05,5.64568e-07,                 1
755,9.5712e-05,5.59792e-07,                 1
756,9.52326e-05,5.56988e-07,                 1
757,9.45418e-05,5.52948e-07,                 1
758,9.38e-05,5.48609e-07,                 1
759,9.32162e-05,5.45195e-07,                 1
760,9.27636e-05,5.42547e-07,                 1
761,9.2008e-05,5.38129e-07,                 1
762,9.13036e-05,5.34009e-07,                 1
763,9.09832e-05,5.32135e-07,                 1
764,9.03061e-05,5.28174e-07,                 1
765,8.88839e-05,5.19857e-07,                 1
766,8.8619e-05,5.18307e-07,                 1
767,8.81407e-05,5.1551e-07,                 1
768,8.74252e-05,5.11325e-07,                 1
769,8.73497e-05,5.10883e-07,                 1
770,8.66691e-05,5.06903e-07,                 1
771,8.60482e-05,5.03271e-07,                 1
772,8.52672e-05,4.98704e-07,                 1
773,8.52621e-05,4.98673e-07,                 1
774,8.38738e-05,4.90554e-07,                 1
775,8.36675e-05,4.89347e-07,                 1
776,8.32449e-05,4.86875e-07,                 1
777,8.24746e-05,4.8237e-07,                 1
778,8.15462e-05,4.7694e-07,                 1
779,8.06232e-05,4.71542e-07,                 1
780,7.9581e-05,4.65446e-07,                 1
781,7.91747e-05,4.6307e-07,                 1
782,7.89965e-05,4.62028e-07,                 1
783,7.81351e-05,4.5699e-07,                 1
784,7.74987e-05,4.53268e-07,                 1
785,7.74016e-05,4.527e-07,                 1
786,7.67948e-05,4.49151e-07,                 1
787,7.61667e-05,4.45477e-07,                 1
788,7.59765e-05,4.44365e-07,                 1
789,7.51064e-05,4.39276e-07,                 1
790,7.41243e-05,4.33532e-07,                 1
791,7.345e-05,4.29588e-07,                 1
792,7.33249e-05,4.28857e-07,                 1
793,7.27551e-05,4.25524e-07,                 1
794,7.20775e-05,4.21561e-07,                 1
795,7.20381e-05,4.21331e-07,                 1
796,7.11745e-05,4.16279e-07,                 1
797,7.06336e-05,4.13116e-07,                 1
798,7.04876e-05,4.12262e-07,                 1
799,7.03482e-05,4.11446e-07,                 1
800,6.99151e-05,4.08913e-07,                 1
801,6.91205e-05,4.04266e-07,                 1
802,6.86172e-05,4.01322e-07,                 1
803,6.85471e-05,4.00912e-07,                 1
804,6.80103e-05,3.97773e-07,                 1
805,6.7959e-05,3.97473e-07,                 1
806,6.72037e-05,3.93055e-07,                 1
807,6.69831e-05,3.91765e-07,                 1
808,6.67184e-05,3.90217e-07,                 1
809,6.5827e-05,3.85003e-07,                 1
810,6.54345e-05,3.82708e-07,                 1
811,6.52137e-05,3.81416e-07,                 1
812,6.4924e-05,3.79722e-07,                 1
813,6.44553e-05,3.7698e-07,                 1
814,6.4092e-05,3.74856e-07,                 1
815,6.38719e-05,3.73568e-07,                 1
816,6.33433e-05,3.70477e-07,                 1
817,6.30999e-05,3.69053e-07,                 1
818,6.27906e-05,3.67244e-07,                 1
819,6.2404e-05,3.64983e-07,                 1
820,6.16253e-05,3.60429e-07,                 1
821,6.14034e-05,3.59131e-07,                 1
822,6.13826e-05,3.59009e-07,                 1
823,6.12065e-05,3.57979e-07,                 1
824,6.11741e-05,3.5779e-07,                 1
825,6.00104e-05,3.50984e-07,                 1
826,5.96964e-05,3.49147e-07,                 1
827,5.94198e-05,3.47529e-07,                 1
828,5.9158e-05,3.45998e-07,                 1
829,5.84527e-05,3.41873e-07,                 1
830,5.82244e-05,3.40538e-07,                 1
831,5.76393e-05,3.37116e-07,                 1
832,5.75085e-05,3.36351e-07,                 1
833,5.73447e-05,3.35393e-07,                 1
834,5.6742e-05,3.31868e-07,                 1
835,5.62329e-05,3.2889e-07,                 1
836,5.61665e-05,3.28502e-07,                 1
837,5.57795e-05,3.26238e-07,                 1
838,5.56017e-05,3.25198e-07,                 1
839,5.51337e-05,3.22461e-07,                 1
840,5.49553e-05,3.21418e-07,                 1
841,5.45316e-05,3.1894e-07,                 1
842,5.43386e-05,3.17811e-07,                 1
843,5.39592e-05,3.15592e-07,                 1
844,5.36691e-05,3.13895e-07,                 1
845,5.32456e-05,3.11418e-07,                 1
846,5.31555e-05,3.10891e-07,                 1
847,5.25981e-05,3.07631e-07,                 1
848,5.22164e-05,3.05399e-07,                 1
849,5.21369e-05,3.04934e-07,                 1
850,5.17572e-05,3.02713e-07,                 1
851,5.14924e-05,3.01164e-07,                 1
852,5.11444e-05,2.99129e-07,                 1
853,5.10931e-05,2.98829e-07,                 1
854,5.06477e-05,2.96224e-07,                 1
855,5.05525e-05,2.95667e-07,                 1
856,5.01763e-05,2.93467e-07,                 1
857,4.98263e-05,2.9142e-07,                 1
858,4.95251e-05,2.89658e-07,                 1
859,4.9189e-05,2.87692e-07,                 1
860,4.8795e-05,2.85388e-07,                 1
861,4.85451e-05,2.83926e-07,                 1
862,4.82045e-05,2.81934e-07,                 1
863,4.78646e-05,2.79946e-07,                 1
864,4.77827e-05,2.79467e-07,                 1
865,4.75841e-05,2.78306e-07,                 1
866,4.73671e-05,2.77036e-07,                 1
867,4.70616e-05,2.7525e-07,                 1
868,4.6261e-05,2.70568e-07,                 1
869,4.61554e-05,2.6995e-07,                 1
870,4.60975e-05,2.69611e-07,                 1
871,4.59123e-05,2.68528e-07,                 1
872,4.56779e-05,2.67157e-07,                 1
873,4.52703e-05,2.64773e-07,                 1
874,4.50646e-05,2.6357e-07,                 1
875,4.501e-05,2.6325e-07,                 1
876,4.44909e-05,2.60215e-07,                 1
877,4.42623e-05,2.58877e-07,                 1
878,4.39275e-05,2.56919e-07,                 1
879,4.36738e-05,2.55436e-07,                 1
880,4.34597e-05,2.54183e-07,                 1
881,4.32932e-05,2.53209e-07,                 1
882,4.32522e-05,2.5297e-07,                 1
883,4.30345e-05,2.51696e-07,                 1
884,4.26556e-05,2.4948e-07,                 1
885,4.24975e-05,2.48556e-07,                 1
886,4.23851e-05,2.47899e-07,                 1
887,4.21912e-05,2.46765e-07,                 1
888,4.21303e-05,2.46408e-07,                 1
889,4.19927e-05,2.45603e-07,                 1
890,4.13634e-05,2.41923e-07,                 1
891,4.10283e-05,2.39963e-07,                 1
892,4.08617e-05,2.38988e-07,                 1
893,4.05309e-05,2.37054e-07,                 1
894,4.04627e-05,2.36655e-07,                 1
895,4.03371e-05,2.3592e-07,                 1
896,3.96741e-05,2.32043e-07,                 1
897,3.94722e-05,2.30862e-07,                 1
898,3.94666e-05,2.30829e-07,                 1
899,3.94413e-05,2.30681e-07,                 1
900,3.92458e-05,2.29537e-07,                 1
901,3.92298e-05,2.29444e-07,                 1
902,3.87871e-05,2.26855e-07,                 1
903,3.86759e-05,2.26204e-07,                 1
904,3.85326e-05,2.25366e-07,                 1
905,3.81399e-05,2.2307e-07,                 1
906,3.78857e-05,2.21583e-07,                 1
907,3.78045e-05,2.21108e-07,                 1
908,3.77999e-05,2.21081e-07,                 1
909,3.75153e-05,2.19416e-07,                 1
910,3.72975e-05,2.18143e-07,                 1
911,3.70477e-05,2.16682e-07,                 1
912,3.66829e-05,2.14548e-07,                 1
913,3.64376e-05,2.13113e-07,                 1
914,3.6334e-05,2.12507e-07,                 1
915,3.63323e-05,2.12497e-07,                 1
916,3.58556e-05,2.09709e-07,                 1
917,3.5684e-05,2.08705e-07,                 1
918,3.56818e-05,2.08693e-07,                 1
919,3.54063e-05,2.07081e-07,                 1
920,3.50621e-05,2.05068e-07,                 1
921,3.49592e-05,2.04466e-07,                 1
922,3.49557e-05,2.04446e-07,                 1
923,3.47252e-05,2.03098e-07,                 1
924,3.47099e-05,2.03009e-07,                 1
925,3.45928e-05,2.02323e-07,                 1
926,3.42381e-05,2.00249e-07,                 1
927,3.40573e-05,1.99192e-07,                 1
928,3.39509e-05,1.98569e-07,                 1
929,3.38292e-05,1.97857e-07,                 1
930,3.37333e-05,1.97296e-07,                 1
931,3.35371e-05,1.96149e-07,                 1
932,3.31756e-05,1.94034e-07,                 1
933,3.31199e-05,1.93709e-07,                 1
934,3.29631e-05,1.92792e-07,                 1
935,3.28459e-05,1.92106e-07,                 1
936,3.24628e-05,1.89865e-07,                 1
937,3.22163e-05,1.88424e-07,                 1
938,3.21753e-05,1.88184e-07,                 1
939,3.21043e-05,1.87769e-07,                 1
940,3.21042e-05,1.87768e-07,                 1
941,3.18433e-05,1.86242e-07,                 1
942,3.16751e-05,1.85259e-07,                 1
943,3.15829e-05,1.84719e-07,                 1
944,3.14375e-05,1.83869e-07,                 1
945,3.12218e-05,1.82607e-07,                 1
946,3.09367e-05,1.8094e-07,                 1
947,3.04694e-05,1.78207e-07,                 1
948,3.04266e-05,1.77956e-07,                 1
949,3.03412e-05,1.77457e-07,                 1
950,3.02781e-05,1.77088e-07,                 1
951,3.02569e-05,1.76964e-07,                 1
952,3.00247e-05,1.75606e-07,                 1
953,2.98184e-05,1.74399e-07,                 1
954,2.9349e-05,1.71654e-07,                 1
955,2.92859e-05,1.71285e-07,                 1
956,2.91909e-05,1.70729e-07,                 1
957,2.91832e-05,1.70684e-07,                 1
958,2.90225e-05,1.69744e-07,                 1
959,2.89912e-05,1.69561e-07,                 1
960,2.87814e-05,1.68334e-07,                 1
961,2.86224e-05,1.67404e-07,                 1
962,2.84542e-05,1.6642e-07,                 1
963,2.8338e-05,1.65741e-07,                 1
964,2.81881e-05,1.64864e-07,                 1
965,2.8123e-05,1.64484e-07,                 1
966,2.81134e-05,1.64427e-07,                 1
967,2.80551e-05,1.64086e-07,                 1
968,2.79482e-05,1.63461e-07,                 1
969,2.74876e-05,1.60767e-07,                 1
970,2.74591e-05,1.606e-07,                 1
971,2.73692e-05,1.60075e-07,                 1
972,2.71371e-05,1.58717e-07,                 1
973,2.71089e-05,1.58552e-07,                 1
974,2.68685e-05,1.57146e-07,                 1
975,2.67421e-05,1.56407e-07,                 1
976,2.65101e-05,1.5505e-07,                 1
977,2.63899e-05,1.54347e-07,                 1
978,2.62752e-05,1.53676e-07,                 1
979,2.60842e-05,1.52559e-07,                 1
980,2.59967e-05,1.52048e-07,                 1
981,2.58619e-05,1.51259e-07,                 1
982,2.58514e-05,1.51198e-07,                 1
983,2.57583e-05,1.50653e-07,                 1
984,2.57213e-05,1.50436e-07,                 1
985,2.55067e-05,1.49181e-07,                 1
986,2.5304e-05,1.47996e-07,                 1
987,2.5262e-05,1.4775e-07,                 1
988,2.51203e-05,1.46921e-07,                 1
989,2.48394e-05,1.45279e-07,                 1
990,2.48052e-05,1.45079e-07,                 1
991,2.46959e-05,1.44439e-07,                 1
992,2.46802e-05,1.44347e-07,                 1
993,2.4635e-05,1.44083e-07,                 1
994,2.44573e-05,1.43044e-07,                 1
995,2.43971e-05,1.42692e-07,                 1
996,2.42633e-05,1.41909e-07,                 1
997,2.41993e-05,1.41535e-07,                 1
998,2.40016e-05,1.40379e-07,                 1
999,2.38798e-05,1.39666e-07,                 1
1000,2.37192e-05,1.38727e-07,                 1
1001,2.35314e-05,1.37629e-07,                 1
1002,2.3468e-05,1.37257e-07,                 1
1003,2.34434e-05,1.37114e-07,                 1
1004,2.30539e-05,1.34836e-07,                 1
1005,2.29972e-05,1.34504e-07,                 1
1006,2.29953e-05,1.34493e-07,                 1
1007,2.27753e-05,1.33206e-07,                 1
1008,2.27095e-05,1.32821e-07,                 1
1009,2.2675e-05,1.3262e-07,                 1
1010,2.26247e-05,1.32325e-07,                 1
1011,2.23694e-05,1.30832e-07,                 1
1012,2.22719e-05,1.30262e-07,                 1
1013,2.2248e-05,1.30122e-07,                 1
1014,2.21939e-05,1.29806e-07,                 1
1015,2.20736e-05,1.29102e-07,                 1
1016,2.20096e-05,1.28728e-07,                 1
1017,2.18746e-05,1.27939e-07,                 1
1018,2.17239e-05,1.27057e-07,                 1
1019,2.15683e-05,1.26147e-07,                 1
1020,2.15293e-05,1.25919e-07,                 1
1021,2.1386e-05,1.2508e-07,                 1
1022,2.13139e-05,1.24659e-07,                 1
1023,2.12749e-05,1.24431e-07,                 1
1024,2.11764e-05,1.23855e-07,                 1
1025,2.11149e-05,1.23495e-07,                 1
1026,2.09623e-05,1.22602e-07,                 1
1027,2.07735e-05,1.21498e-07,                 1
1028,2.07401e-05,1.21303e-07,                 1
1029,2.07266e-05,1.21224e-07,                 1
1030,2.06849e-05,1.2098e-07,                 1
1031,2.04159e-05,1.19407e-07,                 1
1032,2.03301e-05,1.18905e-07,                 1
1033,2.01844e-05,1.18053e-07,                 1
1034,2.01378e-05,1.1778e-07,                 1
1035,1.99531e-05,1.167e-07,                 1
1036,1.9939e-05,1.16617e-07,                 1
1037,1.98568e-05,1.16137e-07,                 1
1038,1.98508e-05,1.16102e-07,                 1
1039,1.95977e-05,1.14621e-07,                 1
1040,1.95815e-05,1.14526e-07,                 1
1041,1.95677e-05,1.14446e-07,                 1
1042,1.93846e-05,1.13375e-07,                 1
1043,1.92623e-05,1.1266e-07,                 1
1044,1.92167e-05,1.12393e-07,                 1
1045,1.91911e-05,1.12243e-07,                 1
1046,1.91409e-05,1.1195e-07,                 1
1047,1.90249e-05,1.11271e-07,                 1
1048,1.87669e-05,1.09762e-07,                 1
1049,1.87211e-05,1.09494e-07,                 1
1050,1.86815e-05,1.09263e-07,                 1
1051,1.86598e-05,1.09136e-07,                 1
1052,1.86586e-05,1.09129e-07,                 1
1053,1.84509e-05,1.07914e-07,                 1
1054,1.84304e-05,1.07794e-07,                 1
1055,1.82831e-05,1.06933e-07,                 1
1056,1.80821e-05,1.05757e-07,                 1
1057,1.80637e-05,1.0565e-07,                 1
1058,1.80402e-05,1.05512e-07,                 1
1059,1.80219e-05,1.05405e-07,                 1
1060,1.79595e-05,1.0504e-07,                 1
1061,1.78926e-05,1.04649e-07,                 1
1062,1.75985e-05,1.02929e-07,                 1
1063,1.75956e-05,1.02912e-07,                 1
1064,1.7567e-05,1.02744e-07,                 1
1065,1.74732e-05,1.02196e-07,                 1
1066,1.73391e-05,1.01411e-07,                 1
1067,1.72536e-05,1.00911e-07,                 1
1068,1.72446e-05,1.00859e-07,                 1
1069,1.71089e-05,1.00065e-07,                 1
1070,1.70521e-05,9.9733e-08,                 1
1071,1.70164e-05,9.9524e-08,                 1
1072,1.68467e-05,9.85318e-08,                 1
1073,1.67762e-05,9.81192e-08,                 1
1074,1.67034e-05,9.76931e-08,                 1
1075,1.6606e-05,9.71235e-08,                 1
1076,1.65736e-05,9.69345e-08,                 1
1077,1.65446e-05,9.67646e-08,                 1
1078,1.65295e-05,9.66761e-08,                 1
1079,1.64661e-05,9.63055e-08,                 1
1080,1.64498e-05,9.62101e-08,                 1
1081,1.6331e-05,9.55152e-08,                 1
1082,1.61708e-05,9.45782e-08,                 1
1083,1.60483e-05,9.3862e-08,                 1
1084,1.59974e-05,9.35642e-08,                 1
1085,1.5955e-05,9.33163e-08,                 1
1086,1.59178e-05,9.30987e-08,                 1
1087,1.57703e-05,9.22359e-08,                 1
1088,1.5696e-05,9.18013e-08,                 1
1089,1.56944e-05,9.1792e-08,                 1
1090,1.56639e-05,9.16134e-08,                 1
1091,1.56213e-05,9.13644e-08,                 1
1092,1.54651e-05,9.04511e-08,                 1
1093,1.53723e-05,8.9908e-08,                 1
1094,1.53719e-05,8.99057e-08,                 1
1095,1.52277e-05,8.90623e-08,                 1
1096,1.52255e-05,8.90496e-08,                 1
1097,1.51757e-05,8.87582e-08,                 1
1098,1.51108e-05,8.83788e-08,                 1
1099,1.51063e-05,8.83526e-08,                 1
1100,1.49681e-05,8.75439e-08,                 1
1101,1.49551e-05,8.7468e-08,                 1
1102,1.48178e-05,8.66652e-08,                 1
1103,1.47891e-05,8.64973e-08,                 1
1104,1.47326e-05,8.61666e-08,                 1
1105,1.46704e-05,8.58027e-08,                 1
1106,1.45877e-05,8.53192e-08,                 1
1107,1.44801e-05,8.46898e-08,                 1
1108,1.43826e-05,8.41197e-08,                 1
1109,1.4224e-05,8.31922e-08,                 1
1110,1.41037e-05,8.24885e-08,                 1
1111,1.40993e-05,8.24629e-08,                 1
1112,1.40841e-05,8.23741e-08,                 1
1113,1.40801e-05,8.23502e-08,                 1
1114,1.40123e-05,8.19537e-08,                 1
1115,1.39638e-05,8.16702e-08,                 1
1116,1.38032e-05,8.07311e-08,                 1
1117,1.36955e-05,8.01012e-08,                 1
1118,1.36615e-05,7.99023e-08,                 1
1119,1.35204e-05,7.90767e-08,                 1
1120,1.35087e-05,7.90085e-08,                 1
1121,1.34751e-05,7.8812e-08,                 1
1122,1.34301e-05,7.85488e-08,                 1
1123,1.33576e-05,7.81246e-08,                 1
1124,1.33482e-05,7.80696e-08,                 1
1125,1.32705e-05,7.76156e-08,                 1
1126,1.32101e-05,7.72621e-08,                 1
1127,1.31683e-05,7.70176e-08,                 1
1128,1.31143e-05,7.67015e-08,                 1
1129,1.30872e-05,7.65431e-08,                 1
1130,1.30509e-05,7.63313e-08,                 1
1131,1.30077e-05,7.60783e-08,                 1
1132,1.2934e-05,7.56475e-08,                 1
1133,1.293e-05,7.56236e-08,                 1
1134,1.29115e-05,7.55156e-08,                 1
1135,1.29078e-05,7.54939e-08,                 1
1136,1.2819e-05,7.49745e-08,                 1
1137,1.27829e-05,7.47634e-08,                 1
1138,1.27301e-05,7.44549e-08,                 1
1139,1.26542e-05,7.40109e-08,                 1
1140,1.25176e-05,7.32119e-08,                 1
1141,1.24406e-05,7.27613e-08,                 1
1142,1.24327e-05,7.27155e-08,                 1
1143,1.22841e-05,7.18465e-08,                 1
1144,1.22176e-05,7.14574e-08,                 1
1145,1.21572e-05,7.11041e-08,                 1
1146,1.2153e-05,7.10795e-08,                 1
1147,1.21247e-05,7.09141e-08,                 1
1148,1.20891e-05,7.07059e-08,                 1
1149,1.20847e-05,7.06797e-08,                 1
1150,1.19415e-05,6.98426e-08,                 1
1151,1.19172e-05,6.97004e-08,                 1
1152,1.18901e-05,6.95416e-08,                 1
1153,1.18364e-05,6.92275e-08,                 1
1154,1.18174e-05,6.91168e-08,                 1
1155,1.18003e-05,6.90169e-08,                 1
1156,1.17174e-05,6.85314e-08,                 1
1157,1.16683e-05,6.82445e-08,                 1
1158,1.16334e-05,6.80407e-08,                 1
1159,1.161e-05,6.79034e-08,                 1
1160,1.15001e-05,6.72611e-08,                 1
1161,1.14712e-05,6.70915e-08,                 1
1162,1.1422e-05,6.68043e-08,                 1
1163,1.14046e-05,6.67022e-08,                 1
1164,1.13837e-05,6.65799e-08,                 1
1165,1.13143e-05,6.61739e-08,                 1
1166,1.13131e-05,6.61673e-08,                 1
1167,1.12622e-05,6.58693e-08,                 1
1168,1.12189e-05,6.56161e-08,                 1
1169,1.11175e-05,6.50231e-08,                 1
1170,1.1045e-05,6.45988e-08,                 1
1171,1.09723e-05,6.41739e-08,                 1
1172,1.09364e-05,6.39637e-08,                 1
1173,1.09312e-05,6.39335e-08,                 1
1174,1.09309e-05,6.39317e-08,                 1
1175,1.09229e-05,6.38848e-08,                 1
1176,1.0906e-05,6.37858e-08,                 1
1177,1.08747e-05,6.36029e-08,                 1
1178,1.0818e-05,6.32717e-08,                 1
1179,1.0806e-05,6.32013e-08,                 1
1180,1.07756e-05,6.30236e-08,                 1
1181,1.06442e-05,6.22547e-08,                 1
1182,1.06284e-05,6.21623e-08,                 1
1183,1.05872e-05,6.19215e-08,                 1
1184,1.04771e-05,6.12775e-08,                 1
1185,1.04322e-05,6.10151e-08,                 1
1186,1.04128e-05,6.09015e-08,                 1
1187,1.02962e-05,6.02194e-08,                 1
1188,1.02218e-05,5.97841e-08,                 1
1189,1.01831e-05,5.95581e-08,                 1
1190,1.01795e-05,5.95368e-08,                 1
1191,1.01691e-05,5.94764e-08,                 1
1192,1.01574e-05,5.94079e-08,                 1
1193,1.01542e-05,5.9389e-08,                 1
1194,1.01463e-05,5.93431e-08,                 1
1195,1.00828e-05,5.89712e-08,                 1
1196,1.00418e-05,5.87315e-08,                 1
1197,9.9485e-06,5.8186e-08,                 1
1198,9.90116e-06,5.7909e-08,                 1
1199,9.89792e-06,5.78901e-08,                 1
1200,9.88725e-06,5.78277e-08,                 1
1201,9.85792e-06,5.76561e-08,                 1
1202,9.85292e-06,5.76269e-08,                 1
1203,9.84206e-06,5.75634e-08,                 1
1204,9.80636e-06,5.73546e-08,                 1
1205,9.797e-06,5.72998e-08,                 1
1206,9.78437e-06,5.7226e-08,                 1
1207,9.66375e-06,5.65205e-08,                 1
1208,9.6553e-06,5.64711e-08,                 1
1209,9.58025e-06,5.60322e-08,                 1
1210,9.53822e-06,5.57863e-08,                 1
1211,9.51568e-06,5.56545e-08,                 1
1212,9.49406e-06,5.5528e-08,                 1
1213,9.47581e-06,5.54213e-08,                 1
1214,9.37707e-06,5.48438e-08,                 1
1215,9.37149e-06,5.48112e-08,                 1
1216,9.36636e-06,5.47812e-08,                 1
1217,9.3505e-06,5.46884e-08,                 1
1218,9.27485e-06,5.42459e-08,                 1
1219,9.26521e-06,5.41896e-08,                 1
1220,9.23983e-06,5.40411e-08,                 1
1221,9.18876e-06,5.37424e-08,                 1
1222,9.16749e-06,5.36181e-08,                 1
1223,9.11284e-06,5.32984e-08,                 1
1224,9.05307e-06,5.29488e-08,                 1
1225,8.97078e-06,5.24676e-08,                 1
1226,8.94642e-06,5.23251e-08,                 1
1227,8.86911e-06,5.18729e-08,                 1
1228,8.81484e-06,5.15555e-08,                 1
1229,8.799e-06,5.14628e-08,                 1
1230,8.7781e-06,5.13406e-08,                 1
1231,8.76514e-06,5.12648e-08,                 1
1232,8.72952e-06,5.10565e-08,                 1
1233,8.71729e-06,5.09849e-08,                 1
1234,8.66231e-06,5.06634e-08,                 1
1235,8.63423e-06,5.04991e-08,                 1
1236,8.62389e-06,5.04387e-08,                 1
1237,8.61693e-06,5.03979e-08,                 1
1238,8.57905e-06,5.01764e-08,                 1
1239,8.53127e-06,4.9897e-08,                 1
1240,8.50895e-06,4.97664e-08,                 1
1241,8.50761e-06,4.97586e-08,                 1
1242,8.47581e-06,4.95726e-08,                 1
1243,8.43352e-06,4.93252e-08,                 1
1244,8.42013e-06,4.92469e-08,                 1
1245,8.40625e-06,4.91657e-08,                 1
1246,8.32276e-06,4.86775e-08,                 1
1247,8.29124e-06,4.84931e-08,                 1
1248,8.25406e-06,4.82756e-08,                 1
1249,8.22928e-06,4.81307e-08,                 1
1250,8.2176e-06,4.80624e-08,                 1
1251,8.2039e-06,4.79823e-08,                 1
1252,8.17507e-06,4.78137e-08,                 1
1253,8.13898e-06,4.76026e-08,                 1
1254,8.1347e-06,4.75775e-08,                 1
1255,8.07583e-06,4.72332e-08,                 1
1256,8.0696e-06,4.71968e-08,                 1
1257,8.05492e-06,4.71109e-08,                 1
1258,8.05438e-06,4.71078e-08,                 1
1259,8.0416e-06,4.7033e-08,                 1
1260,7.96983e-06,4.66133e-08,                 1
1261,7.96799e-06,4.66025e-08,                 1
1262,7.95447e-06,4.65234e-08,                 1
1263,7.88271e-06,4.61037e-08,                 1
1264,7.87332e-06,4.60488e-08,                 1
1265,7.86046e-06,4.59736e-08,                 1
1266,7.79294e-06,4.55787e-08,                 1
1267,7.77028e-06,4.54462e-08,                 1
1268,7.71223e-06,4.51066e-08,                 1
1269,7.70601e-06,4.50702e-08,                 1
1270,7.68598e-06,4.49531e-08,                 1
1271,7.63822e-06,4.46737e-08,                 1
1272,7.55644e-06,4.41955e-08,                 1
1273,7.54313e-06,4.41176e-08,                 1
1274,7.53214e-06,4.40533e-08,                 1
1275,7.51478e-06,4.39518e-08,                 1
1276,7.47298e-06,4.37073e-08,                 1
1277,7.44111e-06,4.3521e-08,                 1
1278,7.41005e-06,4.33393e-08,                 1
1279,7.39311e-06,4.32402e-08,                 1
1280,7.37607e-06,4.31405e-08,                 1
1281,7.36964e-06,4.31029e-08,                 1
1282,7.34644e-06,4.29672e-08,                 1
1283,7.3219e-06,4.28237e-08,                 1
1284,7.28521e-06,4.26091e-08,                 1
1285,7.28278e-06,4.25949e-08,                 1
1286,7.22814e-06,4.22753e-08,                 1
1287,7.1999e-06,4.21101e-08,                 1
1288,7.13582e-06,4.17353e-08,                 1
1289,7.11995e-06,4.16425e-08,                 1
1290,7.06254e-06,4.13068e-08,                 1
1291,7.04506e-06,4.12045e-08,                 1
1292,7.0444e-06,4.12007e-08,                 1
1293,7.02728e-06,4.11005e-08,                 1
1294,6.98894e-06,4.08763e-08,                 1
1295,6.93841e-06,4.05808e-08,                 1
1296,6.93596e-06,4.05664e-08,                 1
1297,6.9144e-06,4.04403e-08,                 1
1298,6.89594e-06,4.03324e-08,                 1
1299,6.86201e-06,4.0134e-08,                 1
1300,6.84861e-06,4.00556e-08,                 1
1301,6.82455e-06,3.99149e-08,                 1
1302,6.8232e-06,3.99069e-08,                 1
1303,6.80436e-06,3.97968e-08,                 1
1304,6.75566e-06,3.95119e-08,                 1
1305,6.75456e-06,3.95055e-08,                 1
1306,6.74284e-06,3.94369e-08,                 1
1307,6.73943e-06,3.9417e-08,                 1
1308,6.6567e-06,3.89331e-08,                 1
1309,6.62854e-06,3.87685e-08,                 1
1310,6.62275e-06,3.87345e-08,                 1
1311,6.59916e-06,3.85966e-08,                 1
1312,6.59611e-06,3.85788e-08,                 1
1313,6.59324e-06,3.8562e-08,                 1
1314,6.59084e-06,3.8548e-08,                 1
1315,6.52804e-06,3.81806e-08,                 1
1316,6.48009e-06,3.79002e-08,                 1
1317,6.46846e-06,3.78322e-08,                 1
1318,6.43466e-06,3.76345e-08,                 1
1319,6.42039e-06,3.7551e-08,                 1
1320,6.41904e-06,3.75431e-08,                 1
1321,6.41622e-06,3.75266e-08,                 1
1322,6.40745e-06,3.74753e-08,                 1
1323,6.39294e-06,3.73905e-08,                 1
1324,6.38642e-06,3.73523e-08,                 1
1325,6.35831e-06,3.71879e-08,                 1
1326,6.35331e-06,3.71587e-08,                 1
1327,6.34485e-06,3.71092e-08,                 1
1328,6.3038e-06,3.68691e-08,                 1
1329,6.30208e-06,3.68591e-08,                 1
1330,6.26393e-06,3.66359e-08,                 1
1331,6.21933e-06,3.63751e-08,                 1
1332,6.20703e-06,3.63031e-08,                 1
1333,6.19053e-06,3.62067e-08,                 1
1334,6.17452e-06,3.6113e-08,                 1
1335,6.14886e-06,3.59629e-08,                 1
1336,6.12757e-06,3.58384e-08,                 1
1337,6.12116e-06,3.58009e-08,                 1
1338,6.10781e-06,3.57228e-08,                 1
1339,6.09991e-06,3.56766e-08,                 1
1340,6.03158e-06,3.5277e-08,                 1
1341,6.01773e-06,3.5196e-08,                 1
1342,6.00085e-06,3.50973e-08,                 1
1343,5.99768e-06,3.50787e-08,                 1
1344,5.97923e-06,3.49708e-08,                 1
1345,5.92928e-06,3.46786e-08,                 1
1346,5.92133e-06,3.46321e-08,                 1
1347,5.89318e-06,3.44675e-08,                 1
1348,5.84855e-06,3.42065e-08,                 1
1349,5.82024e-06,3.40409e-08,                 1
1350,5.81953e-06,3.40367e-08,                 1
1351,5.81479e-06,3.4009e-08,                 1
1352,5.78193e-06,3.38169e-08,                 1
1353,5.77841e-06,3.37962e-08,                 1
1354,5.75103e-06,3.36361e-08,                 1
1355,5.72948e-06,3.35101e-08,                 1
1356,5.70747e-06,3.33814e-08,                 1
1357,5.67747e-06,3.32059e-08,                 1
1358,5.67614e-06,3.31981e-08,                 1
1359,5.64161e-06,3.29961e-08,                 1
1360,5.62825e-06,3.2918e-08,                 1
1361,5.61343e-06,3.28314e-08,                 1
1362,5.59423e-06,3.27191e-08,                 1
1363,5.59258e-06,3.27094e-08,                 1
1364,5.55604e-06,3.24957e-08,                 1
1365,5.55544e-06,3.24922e-08,                 1
1366,5.54633e-06,3.24389e-08,                 1
1367,5.52361e-06,3.2306e-08,                 1
1368,5.48531e-06,3.2082e-08,                 1
1369,5.46578e-06,3.19678e-08,                 1
1370,5.4638e-06,3.19562e-08,                 1
1371,5.46067e-06,3.19379e-08,                 1
1372,5.4423e-06,3.18305e-08,                 1
1373,5.43323e-06,3.17774e-08,                 1
1374,5.42709e-06,3.17415e-08,                 1
1375,5.42303e-06,3.17178e-08,                 1
1376,5.4126e-06,3.16568e-08,                 1
1377,5.37657e-06,3.1446e-08,                 1
1378,5.37206e-06,3.14196e-08,                 1
1379,5.34686e-06,3.12723e-08,                 1
1380,5.34508e-06,3.12618e-08,                 1
1381,5.31954e-06,3.11125e-08,                 1
1382,5.31643e-06,3.10943e-08,                 1
1383,5.30251e-06,3.10129e-08,                 1
1384,5.26365e-06,3.07856e-08,                 1
1385,5.24124e-06,3.06545e-08,                 1
1386,5.20508e-06,3.0443e-08,                 1
1387,5.20365e-06,3.04347e-08,                 1
1388,5.19466e-06,3.03821e-08,                 1
1389,5.17955e-06,3.02937e-08,                 1
1390,5.15991e-06,3.01788e-08,                 1
1391,5.15869e-06,3.01717e-08,                 1
1392,5.1414e-06,3.00706e-08,                 1
1393,5.14091e-06,3.00677e-08,                 1
1394,5.11455e-06,2.99135e-08,                 1
1395,5.05839e-06,2.95851e-08,                 1
1396,5.04608e-06,2.95131e-08,                 1
1397,5.03673e-06,2.94584e-08,                 1
1398,5.02025e-06,2.9362e-08,                 1
1399,5.0182e-06,2.935e-08,                 1
1400,5.01437e-06,2.93276e-08,                 1
1401,4.98127e-06,2.9134e-08,                 1
1402,4.9758e-06,2.9102e-08,                 1
1403,4.94943e-06,2.89478e-08,                 1
1404,4.93231e-06,2.88477e-08,                 1
1405,4.9196e-06,2.87733e-08,                 1
1406,4.8951e-06,2.863e-08,                 1
1407,4.8855e-06,2.85739e-08,                 1
1408,4.86931e-06,2.84792e-08,                 1
1409,4.8648e-06,2.84528e-08,                 1
1410,4.85473e-06,2.83939e-08,                 1
1411,4.83769e-06,2.82943e-08,                 1
1412,4.82641e-06,2.82283e-08,                 1
1413,4.82183e-06,2.82015e-08,                 1
1414,4.77373e-06,2.79202e-08,                 1
1415,4.767e-06,2.78808e-08,                 1
1416,4.76609e-06,2.78755e-08,                 1
1417,4.76586e-06,2.78741e-08,                 1
1418,4.75063e-06,2.77851e-08,                 1
1419,4.72606e-06,2.76414e-08,                 1
1420,4.72583e-06,2.764e-08,                 1
1421,4.7118e-06,2.7558e-08,                 1
1422,4.70648e-06,2.75268e-08,                 1
1423,4.68319e-06,2.73907e-08,                 1
1424,4.6797e-06,2.73703e-08,                 1
1425,4.65022e-06,2.71978e-08,                 1
1426,4.62207e-06,2.70332e-08,                 1
1427,4.60718e-06,2.69461e-08,                 1
1428,4.58171e-06,2.67971e-08,                 1
1429,4.56483e-06,2.66984e-08,                 1
1430,4.5412e-06,2.65602e-08,                 1
1431,4.53288e-06,2.65115e-08,                 1
1432,4.52289e-06,2.64531e-08,                 1
1433,4.51941e-06,2.64328e-08,                 1
1434,4.51456e-06,2.64044e-08,                 1
1435,4.50303e-06,2.63369e-08,                 1
1436,4.48255e-06,2.62172e-08,                 1
1437,4.47823e-06,2.61919e-08,                 1
1438,4.42482e-06,2.58795e-08,                 1
1439,4.40267e-06,2.575e-08,                 1
1440,4.39962e-06,2.57321e-08,                 1
1441,4.39742e-06,2.57192e-08,                 1
1442,4.36927e-06,2.55546e-08,                 1
1443,4.36168e-06,2.55102e-08,                 1
1444,4.34221e-06,2.53963e-08,                 1
1445,4.31616e-06,2.5244e-08,                 1
1446,4.31517e-06,2.52382e-08,                 1
1447,4.30089e-06,2.51547e-08,                 1
1448,4.28811e-06,2.50799e-08,                 1
1449,4.28221e-06,2.50454e-08,                 1
1450,4.24826e-06,2.48468e-08,                 1
1451,4.24442e-06,2.48244e-08,                 1
1452,4.23567e-06,2.47732e-08,                 1
1453,4.20689e-06,2.46049e-08,                 1
1454,4.17496e-06,2.44181e-08,                 1
1455,4.17318e-06,2.44077e-08,                 1
1456,4.15203e-06,2.4284e-08,                 1
1457,4.14425e-06,2.42385e-08,                 1
1458,4.13319e-06,2.41739e-08,                 1
1459,4.12902e-06,2.41495e-08,                 1
1460,4.09727e-06,2.39638e-08,                 1
1461,4.09175e-06,2.39315e-08,                 1
1462,4.0893e-06,2.39171e-08,                 1
1463,4.08238e-06,2.38767e-08,                 1
1464,4.05577e-06,2.3721e-08,                 1
1465,4.02013e-06,2.35126e-08,                 1
1466,4.01662e-06,2.34921e-08,                 1
1467,4.01188e-06,2.34643e-08,                 1
1468,4.00762e-06,2.34394e-08,                 1
1469,4.00762e-06,2.34394e-08,                 1
1470,4.00226e-06,2.34081e-08,                 1
1471,4.0021e-06,2.34071e-08,                 1
1472,3.97247e-06,2.32339e-08,                 1
1473,3.91233e-06,2.28821e-08,                 1
1474,3.90751e-06,2.28539e-08,                 1
1475,3.87447e-06,2.26607e-08,                 1
1476,3.86902e-06,2.26288e-08,                 1
1477,3.8636e-06,2.25971e-08,                 1
1478,3.85315e-06,2.2536e-08,                 1
1479,3.84803e-06,2.2506e-08,                 1
1480,3.83207e-06,2.24127e-08,                 1
1481,3.82578e-06,2.23759e-08,                 1
1482,3.79911e-06,2.22199e-08,                 1
1483,3.77843e-06,2.20989e-08,                 1
1484,3.77627e-06,2.20864e-08,                 1
1485,3.73972e-06,2.18725e-08,                 1
1486,3.7369e-06,2.18561e-08,                 1
1487,3.73011e-06,2.18163e-08,                 1
1488,3.71728e-06,2.17413e-08,                 1
1489,3.70262e-06,2.16556e-08,                 1
1490,3.6994e-06,2.16367e-08,                 1
1491,3.69696e-06,2.16225e-08,                 1
1492,3.69213e-06,2.15942e-08,                 1
1493,3.67987e-06,2.15225e-08,                 1
1494,3.67297e-06,2.14821e-08,                 1
1495,3.6718e-06,2.14753e-08,                 1
1496,3.65307e-06,2.13657e-08,                 1
1497,3.65296e-06,2.13651e-08,                 1
1498,3.64821e-06,2.13373e-08,                 1
1499,3.64273e-06,2.13053e-08,                 1
1500,3.63026e-06,2.12323e-08,                 1
1501,3.61748e-06,2.11576e-08,                 1
1502,3.58928e-06,2.09927e-08,                 1
1503,3.53965e-06,2.07024e-08,                 1
1504,3.52116e-06,2.05942e-08,                 1
1505,3.52032e-06,2.05893e-08,                 1
1506,3.51037e-06,2.05312e-08,                 1
1507,3.48429e-06,2.03786e-08,                 1
1508,3.4842e-06,2.03781e-08,                 1
1509,3.48002e-06,2.03536e-08,                 1
1510,3.46715e-06,2.02784e-08,                 1
1511,3.46592e-06,2.02712e-08,                 1
1512,3.43963e-06,2.01174e-08,                 1
1513,3.43632e-06,2.00981e-08,                 1
1514,3.43569e-06,2.00944e-08,                 1
1515,3.43109e-06,2.00674e-08,                 1
1516,3.43092e-06,2.00665e-08,                 1
1517,3.42283e-06,2.00191e-08,                 1
1518,3.42255e-06,2.00175e-08,                 1
1519,3.40787e-06,1.99317e-08,                 1
1520,3.3958e-06,1.98611e-08,                 1
1521,3.36223e-06,1.96647e-08,                 1
1522,3.35611e-06,1.96289e-08,                 1
1523,3.34556e-06,1.95672e-08,                 1
1524,3.33788e-06,1.95223e-08,                 1
1525,3.33116e-06,1.9483e-08,                 1
1526,3.32463e-06,1.94448e-08,                 1
1527,3.31655e-06,1.93975e-08,                 1
1528,3.2953e-06,1.92732e-08,                 1
1529,3.29477e-06,1.92702e-08,                 1
1530,3.28602e-06,1.9219e-08,                 1
1531,3.27661e-06,1.9164e-08,                 1
1532,3.27547e-06,1.91573e-08,                 1
1533,3.26194e-06,1.90781e-08,                 1
1534,3.25667e-06,1.90473e-08,                 1
1535,3.24969e-06,1.90065e-08,                 1
1536,3.24372e-06,1.89716e-08,                 1
1537,3.22126e-06,1.88402e-08,                 1
1538,3.20641e-06,1.87534e-08,                 1
1539,3.19457e-06,1.86841e-08,                 1
1540,3.18059e-06,1.86023e-08,                 1
1541,3.17436e-06,1.85659e-08,                 1
1542,3.16741e-06,1.85253e-08,                 1
1543,3.1519e-06,1.84345e-08,                 1
1544,3.13315e-06,1.83249e-08,                 1
1545,3.12366e-06,1.82694e-08,                 1
1546,3.11361e-06,1.82106e-08,                 1
1547,3.10524e-06,1.81617e-08,                 1
1548,3.09387e-06,1.80951e-08,                 1
1549,3.08344e-06,1.80341e-08,                 1
1550,3.08213e-06,1.80265e-08,                 1
1551,3.05573e-06,1.78721e-08,                 1
1552,3.05348e-06,1.78589e-08,                 1
1553,3.04749e-06,1.78239e-08,                 1
1554,3.03958e-06,1.77776e-08,                 1
1555,2.98933e-06,1.74837e-08,                 1
1556,2.98418e-06,1.74536e-08,                 1
1557,2.97871e-06,1.74216e-08,                 1
1558,2.97002e-06,1.73708e-08,                 1
1559,2.96639e-06,1.73496e-08,                 1
1560,2.94737e-06,1.72383e-08,                 1
1561,2.93853e-06,1.71866e-08,                 1
1562,2.91819e-06,1.70677e-08,                 1
1563,2.89845e-06,1.69522e-08,                 1
1564,2.89441e-06,1.69286e-08,                 1
1565,2.88148e-06,1.6853e-08,                 1
1566,2.87887e-06,1.68377e-08,                 1
1567,2.87715e-06,1.68276e-08,                 1
1568,2.86373e-06,1.67492e-08,                 1
1569,2.86259e-06,1.67424e-08,                 1
1570,2.84966e-06,1.66668e-08,                 1
1571,2.84507e-06,1.664e-08,                 1
1572,2.84119e-06,1.66173e-08,                 1
1573,2.83132e-06,1.65596e-08,                 1
1574,2.81417e-06,1.64593e-08,                 1
1575,2.81071e-06,1.64391e-08,                 1
1576,2.81063e-06,1.64386e-08,                 1
1577,2.80695e-06,1.6417e-08,                 1
1578,2.79325e-06,1.63369e-08,                 1
1579,2.79146e-06,1.63265e-08,                 1
1580,2.78496e-06,1.62884e-08,                 1
1581,2.77253e-06,1.62157e-08,                 1
1582,2.76295e-06,1.61597e-08,                 1
1583,2.75815e-06,1.61316e-08,                 1
1584,2.74387e-06,1.60481e-08,                 1
1585,2.72522e-06,1.5939e-08,                 1
1586,2.72149e-06,1.59172e-08,                 1
1587,2.71157e-06,1.58592e-08,                 1
1588,2.70684e-06,1.58315e-08,                 1
1589,2.66086e-06,1.55626e-08,                 1
1590,2.62991e-06,1.53816e-08,                 1
1591,2.6239e-06,1.53465e-08,                 1
1592,2.6194e-06,1.53201e-08,                 1
1593,2.61485e-06,1.52935e-08,                 1
1594,2.5965e-06,1.51862e-08,                 1
1595,2.5772e-06,1.50733e-08,                 1
1596,2.57378e-06,1.50533e-08,                 1
1597,2.57202e-06,1.5043e-08,                 1
1598,2.56752e-06,1.50167e-08,                 1
1599,2.56703e-06,1.50138e-08,                 1
1600,2.56317e-06,1.49912e-08,                 1
1601,2.55437e-06,1.49398e-08,                 1
1602,2.55315e-06,1.49326e-08,                 1
1603,2.54267e-06,1.48714e-08,                 1
1604,2.52486e-06,1.47672e-08,                 1
1605,2.51366e-06,1.47017e-08,                 1
1606,2.51096e-06,1.46859e-08,                 1
1607,2.50489e-06,1.46504e-08,                 1
1608,2.49883e-06,1.4615e-08,                 1
1609,2.49743e-06,1.46067e-08,                 1
1610,2.48072e-06,1.4509e-08,                 1
1611,2.47724e-06,1.44887e-08,                 1
1612,2.47044e-06,1.44489e-08,                 1
1613,2.45891e-06,1.43814e-08,                 1
1614,2.45291e-06,1.43464e-08,                 1
1615,2.45042e-06,1.43318e-08,                 1
1616,2.41439e-06,1.41211e-08,                 1
1617,2.41229e-06,1.41088e-08,                 1
1618,2.40625e-06,1.40735e-08,                 1
1619,2.39392e-06,1.40013e-08,                 1
1620,2.3924e-06,1.39924e-08,                 1
1621,2.3851e-06,1.39498e-08,                 1
1622,2.37054e-06,1.38646e-08,                 1
1623,2.35837e-06,1.37934e-08,                 1
1624,2.35558e-06,1.37771e-08,                 1
1625,2.35542e-06,1.37762e-08,                 1
1626,2.34437e-06,1.37115e-08,                 1
1627,2.3314e-06,1.36357e-08,                 1
1628,2.32657e-06,1.36075e-08,                 1
1629,2.32434e-06,1.35944e-08,                 1
1630,2.32396e-06,1.35922e-08,                 1
1631,2.32036e-06,1.35711e-08,                 1
1632,2.31822e-06,1.35586e-08,                 1
1633,2.2945e-06,1.34199e-08,                 1
1634,2.2888e-06,1.33865e-08,                 1
1635,2.28231e-06,1.33486e-08,                 1
1636,2.2767e-06,1.33158e-08,                 1
1637,2.27658e-06,1.33151e-08,                 1
1638,2.25409e-06,1.31835e-08,                 1
1639,2.24519e-06,1.31315e-08,                 1
1640,2.22218e-06,1.29969e-08,                 1
1641,2.22175e-06,1.29944e-08,                 1
1642,2.20914e-06,1.29206e-08,                 1
1643,2.19813e-06,1.28562e-08,                 1
1644,2.19106e-06,1.28149e-08,                 1
1645,2.18639e-06,1.27876e-08,                 1
1646,2.17233e-06,1.27053e-08,                 1
1647,2.17205e-06,1.27037e-08,                 1
1648,2.17061e-06,1.26953e-08,                 1
1649,2.15253e-06,1.25895e-08,                 1
1650,2.14104e-06,1.25223e-08,                 1
1651,2.12894e-06,1.24516e-08,                 1
1652,2.12343e-06,1.24193e-08,                 1
1653,2.12144e-06,1.24077e-08,                 1
1654,2.11832e-06,1.23895e-08,                 1
1655,2.11401e-06,1.23643e-08,                 1
1656,2.11391e-06,1.23637e-08,                 1
1657,2.10063e-06,1.2286e-08,                 1
1658,2.09309e-06,1.22419e-08,                 1
1659,2.06942e-06,1.21035e-08,                 1
1660,2.05667e-06,1.20289e-08,                 1
1661,2.04963e-06,1.19877e-08,                 1
1662,2.0466e-06,1.197e-08,                 1
1663,2.04618e-06,1.19675e-08,                 1
1664,2.04218e-06,1.19441e-08,                 1
1665,2.02898e-06,1.18669e-08,                 1
1666,2.0279e-06,1.18606e-08,                 1
1667,2.02297e-06,1.18318e-08,                 1
1668,2.00017e-06,1.16984e-08,                 1
1669,1.99934e-06,1.16936e-08,                 1
1670,1.99306e-06,1.16568e-08,                 1
1671,1.96844e-06,1.15128e-08,                 1
1672,1.95682e-06,1.14449e-08,                 1
1673,1.94306e-06,1.13644e-08,                 1
1674,1.94293e-06,1.13636e-08,                 1
1675,1.92393e-06,1.12525e-08,                 1
1676,1.9231e-06,1.12476e-08,                 1
1677,1.92113e-06,1.12361e-08,                 1
1678,1.91849e-06,1.12207e-08,                 1
1679,1.91691e-06,1.12114e-08,                 1
1680,1.90899e-06,1.11651e-08,                 1
1681,1.9089e-06,1.11646e-08,                 1
1682,1.90794e-06,1.1159e-08,                 1
1683,1.90443e-06,1.11385e-08,                 1
1684,1.89241e-06,1.10682e-08,                 1
1685,1.89071e-06,1.10582e-08,                 1
1686,1.89051e-06,1.10571e-08,                 1
1687,1.88499e-06,1.10248e-08,                 1
1688,1.87623e-06,1.09735e-08,                 1
1689,1.8756e-06,1.09698e-08,                 1
1690,1.87168e-06,1.09469e-08,                 1
1691,1.87044e-06,1.09397e-08,                 1
1692,1.8699e-06,1.09365e-08,                 1
1693,1.85894e-06,1.08724e-08,                 1
1694,1.85701e-06,1.08611e-08,                 1
1695,1.85537e-06,1.08515e-08,                 1
1696,1.85417e-06,1.08445e-08,                 1
1697,1.85377e-06,1.08422e-08,                 1
1698,1.80835e-06,1.05765e-08,                 1
1699,1.80832e-06,1.05764e-08,                 1
1700,1.80817e-06,1.05755e-08,                 1
1701,1.78858e-06,1.04609e-08,                 1
1702,1.78428e-06,1.04358e-08,                 1
1703,1.77336e-06,1.03719e-08,                 1
1704,1.76947e-06,1.03491e-08,                 1
1705,1.74539e-06,1.02083e-08,                 1
1706,1.74281e-06,1.01932e-08,                 1
1707,1.73945e-06,1.01735e-08,                 1
1708,1.73436e-06,1.01438e-08,                 1
1709,1.73063e-06,1.0122e-08,                 1
1710,1.72067e-06,1.00637e-08,                 1
1711,1.71543e-06,1.00331e-08,                 1
1712,1.70507e-06,9.97247e-09,                 1
1713,1.69788e-06,9.9304e-09,                 1
1714,1.6872e-06,9.86793e-09,                 1
1715,1.67551e-06,9.79956e-09,                 1
1716,1.67435e-06,9.79282e-09,                 1
1717,1.66967e-06,9.76542e-09,                 1
1718,1.66717e-06,9.75078e-09,                 1
1719,1.66607e-06,9.74438e-09,                 1
1720,1.66034e-06,9.71088e-09,                 1
1721,1.64807e-06,9.63907e-09,                 1
1722,1.64497e-06,9.62096e-09,                 1
1723,1.62453e-06,9.50139e-09,                 1
1724,1.6046e-06,9.38485e-09,                 1
1725,1.60124e-06,9.36518e-09,                 1
1726,1.59853e-06,9.34933e-09,                 1
1727,1.59442e-06,9.32529e-09,                 1
1728,1.59113e-06,9.30605e-09,                 1
1729,1.58866e-06,9.29164e-09,                 1
1730,1.5717e-06,9.19241e-09,                 1
1731,1.57013e-06,9.18327e-09,                 1
1732,1.56266e-06,9.13957e-09,                 1
1733,1.5608e-06,9.12865e-09,                 1
1734,1.55893e-06,9.11773e-09,                 1
1735,1.55108e-06,9.07183e-09,                 1
1736,1.54921e-06,9.06089e-09,                 1
1737,1.52365e-06,8.91139e-09,                 1
1738,1.52317e-06,8.9086e-09,                 1
1739,1.51878e-06,8.88293e-09,                 1
1740,1.51583e-06,8.86564e-09,                 1
1741,1.51527e-06,8.86237e-09,                 1
1742,1.51472e-06,8.85917e-09,                 1
1743,1.50182e-06,8.78373e-09,                 1
1744,1.49078e-06,8.71912e-09,                 1
1745,1.48799e-06,8.70284e-09,                 1
1746,1.47088e-06,8.60276e-09,                 1
1747,1.45912e-06,8.53399e-09,                 1
1748,1.45766e-06,8.52542e-09,                 1
1749,1.4516e-06,8.48999e-09,                 1
1750,1.44366e-06,8.44358e-09,                 1
1751,1.43535e-06,8.39495e-09,                 1
1752,1.4347e-06,8.39113e-09,                 1
1753,1.43436e-06,8.38916e-09,                 1
1754,1.42042e-06,8.30764e-09,                 1
1755,1.41786e-06,8.29267e-09,                 1
1756,1.41108e-06,8.25298e-09,                 1
1757,1.40729e-06,8.23081e-09,                 1
1758,1.40346e-06,8.20841e-09,                 1
1759,1.40105e-06,8.19435e-09,                 1
1760,1.38806e-06,8.11837e-09,                 1
1761,1.38714e-06,8.11296e-09,                 1
1762,1.37165e-06,8.02239e-09,                 1
1763,1.36879e-06,8.00566e-09,                 1
1764,1.34924e-06,7.8913e-09,                 1
1765,1.34728e-06,7.87985e-09,                 1
1766,1.34611e-06,7.87303e-09,                 1
1767,1.33763e-06,7.82343e-09,                 1
1768,1.3373e-06,7.82147e-09,                 1
1769,1.33531e-06,7.80982e-09,                 1
1770,1.33015e-06,7.77965e-09,                 1
1771,1.32918e-06,7.774e-09,                 1
1772,1.3236e-06,7.74137e-09,                 1
1773,1.32178e-06,7.73073e-09,                 1
1774,1.31841e-06,7.711e-09,                 1
1775,1.3164e-06,7.69927e-09,                 1
1776,1.31494e-06,7.69072e-09,                 1
1777,1.31088e-06,7.66694e-09,                 1
1778,1.30555e-06,7.63579e-09,                 1
1779,1.30536e-06,7.63469e-09,                 1
1780,1.29915e-06,7.59833e-09,                 1
1781,1.29059e-06,7.54831e-09,                 1
1782,1.28353e-06,7.50698e-09,                 1
1783,1.28315e-06,7.50477e-09,                 1
1784,1.27532e-06,7.459e-09,                 1
1785,1.27525e-06,7.45857e-09,                 1
1786,1.27515e-06,7.45799e-09,                 1
1787,1.24737e-06,7.29552e-09,                 1
1788,1.24525e-06,7.28311e-09,                 1
1789,1.23785e-06,7.23982e-09,                 1
1790,1.23449e-06,7.2202e-09,                 1
1791,1.22609e-06,7.17103e-09,                 1
1792,1.21966e-06,7.13345e-09,                 1
1793,1.21037e-06,7.07912e-09,                 1
1794,1.20055e-06,7.02169e-09,                 1
1795,1.19313e-06,6.97828e-09,                 1
1796,1.18981e-06,6.95887e-09,                 1
1797,1.18954e-06,6.9573e-09,                 1
1798,1.18183e-06,6.91219e-09,                 1
1799,1.17732e-06,6.8858e-09,                 1
1800,1.17433e-06,6.86832e-09,                 1
1801,1.17301e-06,6.86061e-09,                 1
1802,1.17075e-06,6.84737e-09,                 1
1803,1.16465e-06,6.81169e-09,                 1
1804,1.14926e-06,6.72168e-09,                 1
1805,1.14163e-06,6.67704e-09,                 1
1806,1.13571e-06,6.64244e-09,                 1
1807,1.1349e-06,6.6377e-09,                 1
1808,1.13335e-06,6.62862e-09,                 1
1809,1.13089e-06,6.61424e-09,                 1
1810,1.12321e-06,6.56931e-09,                 1
1811,1.1082e-06,6.48157e-09,                 1
1812,1.10378e-06,6.45568e-09,                 1
1813,1.10143e-06,6.44193e-09,                 1
1814,1.09746e-06,6.41871e-09,                 1
1815,1.09703e-06,6.41622e-09,                 1
1816,1.09625e-06,6.41166e-09,                 1
1817,1.08446e-06,6.34268e-09,                 1
1818,1.07814e-06,6.30575e-09,                 1
1819,1.06599e-06,6.23468e-09,                 1
1820,1.06544e-06,6.23144e-09,                 1
1821,1.05856e-06,6.19121e-09,                 1
1822,1.05832e-06,6.18979e-09,                 1
1823,1.05363e-06,6.16238e-09,                 1
1824,1.04994e-06,6.14082e-09,                 1
1825,1.04348e-06,6.10302e-09,                 1
1826,1.0434e-06,6.10256e-09,                 1
1827,1.04218e-06,6.09542e-09,                 1
1828,1.03982e-06,6.08163e-09,                 1
1829,1.03936e-06,6.07891e-09,                 1
1830,1.03045e-06,6.0268e-09,                 1
1831,1.02961e-06,6.02189e-09,                 1
1832,1.02657e-06,6.00412e-09,                 1
1833,1.01977e-06,5.96435e-09,                 1
1834,1.01484e-06,5.93548e-09,                 1
1835,1.01262e-06,5.92255e-09,                 1
1836,1.00579e-06,5.88258e-09,                 1
1837,9.88812e-07,5.78328e-09,                 1
1838,9.77784e-07,5.71878e-09,                 1
1839,9.75799e-07,5.70717e-09,                 1
1840,9.72507e-07,5.68791e-09,                 1
1841,9.67965e-07,5.66135e-09,                 1
1842,9.59917e-07,5.61428e-09,                 1
1843,9.54784e-07,5.58426e-09,                 1
1844,9.54523e-07,5.58273e-09,                 1
1845,9.53555e-07,5.57707e-09,                 1
1846,9.52419e-07,5.57043e-09,                 1
1847,9.41978e-07,5.50936e-09,                 1
1848,9.41462e-07,5.50634e-09,                 1
1849,9.33906e-07,5.46215e-09,                 1
1850,9.27506e-07,5.42472e-09,                 1
1851,9.25592e-07,5.41352e-09,                 1
1852,9.24263e-07,5.40575e-09,                 1
1853,9.23309e-07,5.40017e-09,                 1
1854,9.23266e-07,5.39992e-09,                 1
1855,9.09055e-07,5.3168e-09,                 1
1856,9.08812e-07,5.31538e-09,                 1
1857,8.91806e-07,5.21592e-09,                 1
1858,8.86616e-07,5.18556e-09,                 1
1859,8.85362e-07,5.17823e-09,                 1
1860,8.79386e-07,5.14328e-09,                 1
1861,8.7911e-07,5.14166e-09,                 1
1862,8.78475e-07,5.13795e-09,                 1
1863,8.78247e-07,5.13662e-09,                 1
1864,8.57372e-07,5.01453e-09,                 1
1865,8.52837e-07,4.988e-09,                 1
1866,8.42337e-07,4.92659e-09,                 1
1867,8.41822e-07,4.92358e-09,                 1
1868,8.40258e-07,4.91443e-09,                 1
1869,8.33742e-07,4.87632e-09,                 1
1870,8.33203e-07,4.87317e-09,                 1
1871,8.3115e-07,4.86116e-09,                 1
1872,8.29235e-07,4.84996e-09,                 1
1873,8.22927e-07,4.81307e-09,                 1
1874,8.20727e-07,4.8002e-09,                 1
1875,8.13589e-07,4.75845e-09,                 1
1876,8.1156e-07,4.74658e-09,                 1
1877,8.10095e-07,4.73801e-09,                 1
1878,7.94481e-07,4.6467e-09,                 1
1879,7.81005e-07,4.56787e-09,                 1
1880,7.76236e-07,4.53998e-09,                 1
1881,7.70885e-07,4.50869e-09,                 1
1882,7.66569e-07,4.48345e-09,                 1
1883,7.66323e-07,4.48201e-09,                 1
1884,7.63692e-07,4.46662e-09,                 1
1885,7.61848e-07,4.45583e-09,                 1
1886,7.60539e-07,4.44817e-09,                 1
1887,7.5505e-07,4.41607e-09,                 1
1888,7.52829e-07,4.40308e-09,                 1
1889,7.51615e-07,4.39598e-09,                 1
1890,7.50989e-07,4.39232e-09,                 1
1891,7.44362e-07,4.35356e-09,                 1
1892,7.40848e-07,4.33301e-09,                 1
1893,7.40429e-07,4.33056e-09,                 1
1894,7.40096e-07,4.32861e-09,                 1
1895,7.3784e-07,4.31542e-09,                 1
1896,7.30975e-07,4.27526e-09,                 1
1897,7.28726e-07,4.26211e-09,                 1
1898,7.26164e-07,4.24713e-09,                 1
1899,7.21935e-07,4.22239e-09,                 1
1900,7.18081e-07,4.19985e-09,                 1
1901,7.10167e-07,4.15357e-09,                 1
1902,7.09149e-07,4.14761e-09,                 1
1903,7.04902e-07,4.12277e-09,                 1
1904,6.97461e-07,4.07925e-09,                 1
1905,6.95039e-07,4.06509e-09,                 1
1906,6.89141e-07,4.03059e-09,                 1
1907,6.80316e-07,3.97898e-09,                 1
1908,6.73719e-07,3.94039e-09,                 1
1909,6.71149e-07,3.92536e-09,                 1
1910,6.70384e-07,3.92089e-09,                 1
1911,6.69986e-07,3.91856e-09,                 1
1912,6.68368e-07,3.90909e-09,                 1
1913,6.61669e-07,3.86991e-09,                 1
1914,6.58309e-07,3.85026e-09,                 1
1915,6.56414e-07,3.83918e-09,                 1
1916,6.45571e-07,3.77576e-09,                 1
1917,6.40694e-07,3.74723e-09,                 1
1918,6.39569e-07,3.74066e-09,                 1
1919,6.37874e-07,3.73074e-09,                 1
1920,6.37345e-07,3.72765e-09,                 1
1921,6.26219e-07,3.66258e-09,                 1
1922,6.24597e-07,3.65309e-09,                 1
1923,6.1816e-07,3.61544e-09,                 1
1924,6.10113e-07,3.56838e-09,                 1
1925,6.08963e-07,3.56165e-09,                 1
1926,6.08559e-07,3.55929e-09,                 1
1927,6.05433e-07,3.541e-09,                 1
1928,6.01346e-07,3.5171e-09,                 1
1929,5.99993e-07,3.50919e-09,                 1
1930,5.94812e-07,3.47888e-09,                 1
1931,5.94483e-07,3.47696e-09,                 1
1932,5.88482e-07,3.44186e-09,                 1
1933,5.86184e-07,3.42842e-09,                 1
1934,5.77837e-07,3.3796e-09,                 1
1935,5.7567e-07,3.36693e-09,                 1
1936,5.75629e-07,3.36669e-09,                 1
1937,5.74848e-07,3.36212e-09,                 1
1938,5.6831e-07,3.32388e-09,                 1
1939,5.67857e-07,3.32124e-09,                 1
1940,5.66421e-07,3.31284e-09,                 1
1941,5.66155e-07,3.31128e-09,                 1
1942,5.6588e-07,3.30967e-09,                 1
1943,5.64447e-07,3.30129e-09,                 1
1944,5.44596e-07,3.18519e-09,                 1
1945,5.42342e-07,3.17201e-09,                 1
1946,5.27426e-07,3.08476e-09,                 1
1947,5.24468e-07,3.06746e-09,                 1
1948,5.16928e-07,3.02336e-09,                 1
1949,5.16322e-07,3.01982e-09,                 1
1950,5.07435e-07,2.96784e-09,                 1
1951,5.06353e-07,2.96151e-09,                 1
1952,5.04552e-07,2.95098e-09,                 1
1953,4.92294e-07,2.87929e-09,                 1
1954,4.89744e-07,2.86437e-09,                 1
1955,4.88067e-07,2.85456e-09,                 1
1956,4.87074e-07,2.84876e-09,                 1
1957,4.84348e-07,2.83281e-09,                 1
1958,4.7482e-07,2.77709e-09,                 1
1959,4.71381e-07,2.75697e-09,                 1
1960,4.6726e-07,2.73287e-09,                 1
1961,4.66856e-07,2.7305e-09,                 1
1962,4.66083e-07,2.72598e-09,                 1
1963,4.61177e-07,2.69729e-09,                 1
1964,4.47009e-07,2.61443e-09,                 1
1965,4.46865e-07,2.61358e-09,                 1
1966,4.42306e-07,2.58692e-09,                 1
1967,4.36902e-07,2.55532e-09,                 1
1968,4.35039e-07,2.54442e-09,                 1
1969,4.32913e-07,2.53199e-09,                 1
1970,4.3107e-07,2.52121e-09,                 1
1971,4.24177e-07,2.48089e-09,                 1
1972,4.07599e-07,2.38393e-09,                 1
1973,4.03054e-07,2.35735e-09,                 1
1974,4.0272e-07,2.3554e-09,                 1
1975,3.94487e-07,2.30724e-09,                 1
1976,3.76537e-07,2.20226e-09,                 1
1977,3.74221e-07,2.18871e-09,                 1
1978,3.55622e-07,2.07993e-09,                 1
1979,3.49896e-07,2.04644e-09,                 1
1980,3.48568e-07,2.03867e-09,                 1
1981,3.48147e-07,2.03621e-09,                 1
1982,3.47132e-07,2.03027e-09,                 1
1983,3.4037e-07,1.99073e-09,                 1
1984,3.3937e-07,1.98488e-09,                 1
1985,3.34894e-07,1.9587e-09,                 1
1986,3.29585e-07,1.92765e-09,                 1
1987,3.24078e-07,1.89544e-09,                 1
1988,3.02007e-07,1.76635e-09,                 1
1989,2.97459e-07,1.73975e-09,                 1
1990,2.9711e-07,1.73771e-09,                 1
1991,2.95635e-07,1.72909e-09,                 1
1992,2.95146e-07,1.72622e-09,                 1
1993,2.90766e-07,1.70061e-09,                 1
1994,2.87317e-07,1.68043e-09,                 1
1995,2.75695e-07,1.61246e-09,                 1
1996,2.6222e-07,1.53365e-09,                 1
1997,1.93189e-07,1.12991e-09,                 1
1998,0,0,                 1
