# index, s_values, normalised s_values, cumulative energy 
0,40.3763,1,      0.4612871061
1,39.5284,0.979001,      0.9034040502
2,5.39846,0.133704,      0.9116503171
3,5.28229,0.130826,      0.9195455039
4,5.09304,0.126139,      0.9268850987
5,4.98085,0.123361,      0.9339049164
6,4.80969,0.119122,      0.9404505733
7,4.51918,0.111927,      0.9462293671
8,4.44532,0.110097,      0.9518208186
9,4.39661,0.108891,      0.9572903931
10,3.81708,0.0945376,      0.9614130844
11,3.52768,0.0873701,       0.964934333
12,3.47677,0.0861093,      0.9683546889
13,3.11177,0.0770693,       0.971094588
14,2.97488,0.0736789,      0.9735987213
15,2.78601,0.0690012,      0.9757949846
16,2.65469,0.0657486,      0.9777890729
17,2.54915,0.0631348,      0.9796277623
18,2.32933,0.0576906,      0.9811630186
19,2.21904,0.0549591,      0.9825563353
20,2.14952,0.0532371,      0.9838637085
21,2.12864,0.0527201,      0.9851458116
22,2.05984,0.0510161,      0.9863463747
23,1.83551,0.04546,      0.9872996749
24,1.6913,0.0418884,      0.9881090662
25,1.68181,0.0416534,      0.9889094019
26,1.58978,0.039374,      0.9896245416
27,1.40745,0.0348582,      0.9901850491
28,1.37233,0.0339885,      0.9907179374
29,1.34556,0.0333255,      0.9912302377
30,1.28774,0.0318934,      0.9916994527
31,1.25585,0.0311037,      0.9921457208
32,1.23134,0.0304967,       0.992574739
33,1.22005,0.030217,      0.9929959258
34,1.21683,0.0301373,      0.9934148943
35,1.16958,0.0289669,      0.9938019523
36,1.16045,0.0287409,      0.9941829938
37,1.15003,0.0284828,      0.9945572219
38,1.05638,0.0261634,      0.9948729841
39,1.04365,0.025848,      0.9951811782
40,0.999686,0.0247592,      0.9954639558
41,0.988388,0.0244794,      0.9957403781
42,0.969739,0.0240175,      0.9960064678
43,0.957588,0.0237166,       0.996265931
44,0.954846,0.0236487,      0.9965239104
45,0.939794,0.0232759,      0.9967738201
46,0.923906,0.0228824,      0.9970153514
47,0.890155,0.0220465,      0.9972395584
48,0.823424,0.0203937,        0.99743141
49,0.784402,0.0194273,      0.9976055086
50,0.762752,0.0188911,      0.9977701293
51,0.706067,0.0174872,      0.9979111914
52,0.688163,0.0170437,        0.99804519
53,0.65359,0.0161875,      0.9981660631
54,0.637618,0.0157919,      0.9982811004
55,0.635113,0.0157299,      0.9983952359
56,0.557046,0.0137964,      0.9984830371
57,0.529215,0.0131071,      0.9985622841
58,0.523139,0.0129566,      0.9986397219
59,0.502898,0.0124553,      0.9987112833
60,0.464437,0.0115027,      0.9987723173
61,0.454629,0.0112598,      0.9988308006
62,0.437581,0.0108376,      0.9988849802
63,0.430163,0.0106538,      0.9989373382
64,0.420031,0.0104029,       0.998987259
65,0.414721,0.0102714,      0.9990359256
66,0.410468,0.0101661,      0.9990835991
67,0.399539,0.00989537,      0.9991287676
68,0.388488,0.00962168,       0.999171472
69,0.375137,0.00929102,      0.9992112917
70,0.371127,0.00919169,      0.9992502646
71,0.365349,0.00904859,      0.9992880334
72,0.350893,0.00869056,      0.9993228725
73,0.33421,0.00827739,      0.9993544777
74,0.326703,0.00809145,      0.9993846788
75,0.31969,0.00791777,      0.9994135974
76,0.30771,0.00762104,      0.9994403891
77,0.299449,0.00741645,      0.9994657617
78,0.295409,0.00731638,      0.9994904541
79,0.292926,0.00725489,      0.9995147332
80,0.288638,0.00714869,      0.9995383067
81,0.28545,0.00706975,      0.9995613625
82,0.282616,0.00699955,      0.9995839626
83,0.272412,0.00674682,      0.9996049602
84,0.265985,0.00658766,      0.9996249788
85,0.261093,0.00646648,      0.9996442677
86,0.255112,0.00631835,       0.999662683
87,0.251908,0.006239,      0.9996806386
88,0.243851,0.00603945,      0.9996974641
89,0.238196,0.00589941,      0.9997135183
90,0.23097,0.00572044,      0.9997286132
91,0.218234,0.005405,      0.9997420892
92,0.212707,0.00526811,      0.9997548913
93,0.2028,0.00502274,      0.9997665286
94,0.200449,0.00496452,      0.9997778977
95,0.196713,0.004872,       0.999788847
96,0.192571,0.00476941,        0.99979934
97,0.191004,0.00473059,      0.9998096629
98,0.184217,0.00456249,      0.9998192652
99,0.170743,0.00422878,      0.9998275143
100,0.161471,0.00399915,      0.9998348917
101,0.157092,0.00389069,      0.9998418744
102,0.153338,0.00379771,      0.9998485274
103,0.148681,0.00368237,      0.9998547824
104,0.146586,0.00363049,      0.9998608624
105,0.142928,0.00353989,      0.9998666426
106,0.139899,0.00346488,      0.9998721806
107,0.133657,0.00331029,      0.9998772354
108,0.132372,0.00327846,      0.9998821934
109,0.131527,0.00325754,      0.9998870884
110,0.12689,0.00314267,      0.9998916443
111,0.12529,0.00310306,       0.999896086
112,0.124021,0.00307162,      0.9999004382
113,0.120603,0.00298699,      0.9999045538
114,0.116909,0.00289548,      0.9999084212
115,0.114032,0.00282422,      0.9999121005
116,0.111233,0.0027549,      0.9999156014
117,0.110765,0.00274331,       0.999919073
118,0.106909,0.00264782,       0.999922307
119,0.104119,0.0025787,      0.9999253745
120,0.100425,0.00248722,      0.9999282281
121,0.0989283,0.00245016,      0.9999309974
122,0.097715,0.00242011,      0.9999336991
123,0.0962974,0.002385,       0.999936323
124,0.0954425,0.00236382,      0.9999389005
125,0.0949322,0.00235119,      0.9999414505
126,0.0945009,0.0023405,      0.9999439774
127,0.0938789,0.0023251,      0.9999464712
128,0.0924726,0.00229027,      0.9999488908
129,0.0884081,0.0021896,      0.9999511024
130,0.0874527,0.00216594,      0.9999532664
131,0.0867314,0.00214808,      0.9999553949
132,0.0813905,0.0020158,      0.9999572693
133,0.0792711,0.00196331,      0.9999590474
134,0.078389,0.00194146,      0.9999607861
135,0.0777954,0.00192676,      0.9999624986
136,0.0745993,0.0018476,      0.9999640732
137,0.0725684,0.0017973,      0.9999655633
138,0.0701234,0.00173675,      0.9999669547
139,0.0693894,0.00171857,      0.9999683171
140,0.0679052,0.00168181,      0.9999696219
141,0.0659328,0.00163296,      0.9999708519
142,0.0637875,0.00157982,      0.9999720032
143,0.062219,0.00154098,      0.9999730986
144,0.0601956,0.00149087,      0.9999741239
145,0.0595442,0.00147473,      0.9999751271
146,0.0581695,0.00144068,      0.9999760845
147,0.0573243,0.00141975,      0.9999770143
148,0.0558529,0.00138331,       0.999977897
149,0.0547141,0.0013551,      0.9999787441
150,0.0544891,0.00134953,      0.9999795842
151,0.050523,0.0012513,      0.9999803065
152,0.0485826,0.00120325,      0.9999809743
153,0.0468414,0.00116012,      0.9999815952
154,0.0462024,0.0011443,      0.9999821992
155,0.0455695,0.00112862,      0.9999827868
156,0.0444389,0.00110062,      0.9999833455
157,0.0428866,0.00106217,       0.999983866
158,0.0423045,0.00104776,      0.9999843724
159,0.0419911,0.00103999,      0.9999848713
160,0.0414668,0.00102701,      0.9999853578
161,0.0409973,0.00101538,      0.9999858334
162,0.0405431,0.00100413,      0.9999862985
163,0.039731,0.000984017,      0.9999867452
164,0.0389157,0.000963825,      0.9999871737
165,0.0380912,0.000943404,      0.9999875843
166,0.037526,0.000929408,      0.9999879827
167,0.037208,0.000921532,      0.9999883744
168,0.035434,0.000877594,      0.9999887297
169,0.0351382,0.000870269,      0.9999890791
170,0.0342656,0.000848656,      0.9999894113
171,0.03394,0.000840591,      0.9999897373
172,0.0336741,0.000834008,      0.9999900581
173,0.0331731,0.000821597,      0.9999903695
174,0.0321887,0.000797217,      0.9999906627
175,0.0314508,0.000778942,      0.9999909425
176,0.0304723,0.000754707,      0.9999912053
177,0.0298448,0.000739166,      0.9999914573
178,0.0294931,0.000730455,      0.9999917034
179,0.0287019,0.000710859,      0.9999919365
180,0.0284675,0.000705055,      0.9999921658
181,0.0279406,0.000692004,      0.9999923867
182,0.0277508,0.000687305,      0.9999926047
183,0.0270454,0.000669833,      0.9999928116
184,0.0266754,0.000660669,       0.999993013
185,0.0264876,0.000656019,      0.9999932115
186,0.0259852,0.000643575,      0.9999934025
187,0.0256283,0.000634736,      0.9999935884
188,0.0255351,0.000632427,      0.9999937729
189,0.0246293,0.000609994,      0.9999939445
190,0.0242329,0.000600178,      0.9999941107
191,0.0235901,0.000584256,      0.9999942682
192,0.0233815,0.00057909,      0.9999944228
193,0.0229797,0.000569138,      0.9999945723
194,0.0224276,0.000555463,      0.9999947146
195,0.022385,0.000554409,      0.9999948564
196,0.0220872,0.000547033,      0.9999949944
197,0.0218146,0.000540283,      0.9999951291
198,0.0216405,0.00053597,      0.9999952616
199,0.0211734,0.000524402,      0.9999953884
200,0.0207442,0.000513771,      0.9999955102
201,0.020533,0.00050854,      0.9999956295
202,0.0203411,0.000503787,      0.9999957466
203,0.0201661,0.000499454,      0.9999958616
204,0.0198887,0.000492582,      0.9999959736
205,0.019492,0.000482758,      0.9999960811
206,0.0194479,0.000481666,      0.9999961881
207,0.0188307,0.00046638,      0.9999962884
208,0.0186732,0.00046248,      0.9999963871
209,0.0182625,0.000452307,      0.9999964815
210,0.018016,0.000446201,      0.9999965733
211,0.0178285,0.000441559,      0.9999966632
212,0.0173826,0.000430516,      0.9999967487
213,0.0171496,0.000424744,      0.9999968319
214,0.017023,0.000421608,      0.9999969139
215,0.0166519,0.000412418,      0.9999969924
216,0.0166143,0.000411486,      0.9999970705
217,0.0164233,0.000406755,      0.9999971468
218,0.0162739,0.000403056,      0.9999972218
219,0.0161095,0.000398985,      0.9999972952
220,0.0157496,0.000390069,      0.9999973654
221,0.0155832,0.00038595,      0.9999974341
222,0.0154656,0.000383037,      0.9999975018
223,0.0152318,0.000377245,      0.9999975674
224,0.01482,0.000367048,      0.9999976296
225,0.0145118,0.000359413,      0.9999976892
226,0.0143244,0.000354771,      0.9999977472
227,0.0141754,0.000351081,      0.9999978041
228,0.0140325,0.000347543,      0.9999978598
229,0.0136913,0.000339092,      0.9999979128
230,0.0136451,0.000337948,      0.9999979655
231,0.0135571,0.000335767,      0.9999980175
232,0.0133176,0.000329837,      0.9999980677
233,0.0132422,0.000327971,      0.9999981173
234,0.0130821,0.000324005,      0.9999981657
235,0.0129585,0.000320944,      0.9999982133
236,0.0128216,0.000317551,      0.9999982598
237,0.0126909,0.000314315,      0.9999983054
238,0.0125092,0.000309815,      0.9999983496
239,0.0121605,0.00030118,      0.9999983915
240,0.0120797,0.000299179,      0.9999984328
241,0.0117938,0.000292098,      0.9999984721
242,0.0117349,0.000290637,      0.9999985111
243,0.0115081,0.000285022,      0.9999985486
244,0.0113579,0.000281301,      0.9999985851
245,0.0112789,0.000279344,      0.9999986211
246,0.0112071,0.000277567,      0.9999986566
247,0.011029,0.000273155,       0.999998691
248,0.0110079,0.000272632,      0.9999987253
249,0.0107686,0.000266705,      0.9999987581
250,0.0104399,0.000258565,       0.999998789
251,0.0102592,0.00025409,      0.9999988187
252,0.010044,0.000248761,      0.9999988473
253,0.00987468,0.000244566,      0.9999988749
254,0.0097167,0.000240654,      0.9999989016
255,0.00968232,0.000239802,      0.9999989281
256,0.00958995,0.000237514,      0.9999989541
257,0.00936458,0.000231933,      0.9999989789
258,0.00929596,0.000230233,      0.9999990034
259,0.00915985,0.000226862,      0.9999990271
260,0.00907011,0.000224639,      0.9999990504
261,0.0089993,0.000222886,      0.9999990733
262,0.00875172,0.000216754,       0.999999095
263,0.00859978,0.000212991,      0.9999991159
264,0.00852128,0.000211047,      0.9999991365
265,0.00842428,0.000208644,      0.9999991566
266,0.00832661,0.000206225,      0.9999991762
267,0.00813667,0.000201521,      0.9999991949
268,0.00801466,0.000198499,      0.9999992131
269,0.00792389,0.000196251,      0.9999992309
270,0.00776413,0.000192294,      0.9999992479
271,0.00768036,0.000190219,      0.9999992646
272,0.00762839,0.000188932,      0.9999992811
273,0.00757373,0.000187579,      0.9999992973
274,0.00752906,0.000186472,      0.9999993133
275,0.00744261,0.000184331,       0.999999329
276,0.00736604,0.000182435,      0.9999993444
277,0.00720515,0.00017845,      0.9999993591
278,0.00710195,0.000175894,      0.9999993733
279,0.00701367,0.000173708,      0.9999993872
280,0.00694049,0.000171895,      0.9999994009
281,0.00681394,0.000168761,       0.999999414
282,0.00674267,0.000166996,      0.9999994269
283,0.00667933,0.000165427,      0.9999994395
284,0.00663995,0.000164452,       0.999999452
285,0.006599,0.000163437,      0.9999994643
286,0.00651043,0.000161244,      0.9999994763
287,0.00636282,0.000157588,      0.9999994877
288,0.00628477,0.000155655,      0.9999994989
289,0.00623299,0.000154372,      0.9999995099
290,0.00612007,0.000151576,      0.9999995205
291,0.00608674,0.00015075,       0.999999531
292,0.0060436,0.000149682,      0.9999995413
293,0.00599343,0.000148439,      0.9999995515
294,0.0058615,0.000145172,      0.9999995612
295,0.00577379,0.000142999,      0.9999995706
296,0.00572794,0.000141864,      0.9999995799
297,0.00561952,0.000139179,      0.9999995889
298,0.00555732,0.000137638,      0.9999995976
299,0.00546903,0.000135452,      0.9999996061
300,0.00539082,0.000133514,      0.9999996143
301,0.00535177,0.000132547,      0.9999996224
302,0.00530402,0.000131365,      0.9999996304
303,0.00527588,0.000130668,      0.9999996382
304,0.00519877,0.000128758,      0.9999996459
305,0.00513905,0.000127279,      0.9999996534
306,0.00502187,0.000124377,      0.9999996605
307,0.0049891,0.000123565,      0.9999996675
308,0.0049216,0.000121893,      0.9999996744
309,0.00490035,0.000121367,      0.9999996812
310,0.00482733,0.000119558,      0.9999996878
311,0.00475599,0.000117792,      0.9999996942
312,0.0046903,0.000116165,      0.9999997004
313,0.00461545,0.000114311,      0.9999997064
314,0.00456721,0.000113116,      0.9999997123
315,0.00454518,0.00011257,      0.9999997182
316,0.00449463,0.000111319,      0.9999997239
317,0.00443889,0.000109938,      0.9999997295
318,0.00441139,0.000109257,       0.999999735
319,0.00439342,0.000108812,      0.9999997404
320,0.00435045,0.000107748,      0.9999997458
321,0.00424158,0.000105051,      0.9999997509
322,0.00420588,0.000104167,      0.9999997559
323,0.00417496,0.000103401,      0.9999997608
324,0.00413234,0.000102346,      0.9999997656
325,0.00410551,0.000101681,      0.9999997704
326,0.00406975,0.000100796,      0.9999997751
327,0.00398864,9.87866e-05,      0.9999997796
328,0.003971,9.83499e-05,      0.9999997841
329,0.00393599,9.74826e-05,      0.9999997885
330,0.00390159,9.66307e-05,      0.9999997928
331,0.00385092,9.53758e-05,       0.999999797
332,0.0038067,9.42806e-05,      0.9999998011
333,0.00378329,9.37006e-05,      0.9999998051
334,0.00372616,9.22859e-05,       0.999999809
335,0.00366471,9.07638e-05,      0.9999998128
336,0.00359964,8.91523e-05,      0.9999998165
337,0.00357246,8.84791e-05,      0.9999998201
338,0.00352815,8.73817e-05,      0.9999998236
339,0.00350522,8.68138e-05,      0.9999998271
340,0.00347377,8.6035e-05,      0.9999998305
341,0.00342678,8.48712e-05,      0.9999998338
342,0.00341447,8.45662e-05,      0.9999998371
343,0.00334053,8.27349e-05,      0.9999998403
344,0.00332505,8.23515e-05,      0.9999998434
345,0.00330541,8.18651e-05,      0.9999998465
346,0.00327311,8.10651e-05,      0.9999998496
347,0.00323332,8.00796e-05,      0.9999998525
348,0.00316592,7.84103e-05,      0.9999998553
349,0.00312178,7.73171e-05,      0.9999998581
350,0.00306991,7.60326e-05,      0.9999998608
351,0.00303567,7.51845e-05,      0.9999998634
352,0.00300725,7.44805e-05,      0.9999998659
353,0.0029465,7.2976e-05,      0.9999998684
354,0.00291926,7.23014e-05,      0.9999998708
355,0.00286673,7.10002e-05,      0.9999998731
356,0.00285318,7.06648e-05,      0.9999998754
357,0.00283234,7.01485e-05,      0.9999998777
358,0.00281186,6.96413e-05,      0.9999998799
359,0.00278939,6.90847e-05,      0.9999998821
360,0.00273987,6.78583e-05,      0.9999998843
361,0.00272116,6.73949e-05,      0.9999998864
362,0.00271597,6.72664e-05,      0.9999998885
363,0.0026662,6.60338e-05,      0.9999998905
364,0.00263948,6.53721e-05,      0.9999998924
365,0.00261724,6.48213e-05,      0.9999998944
366,0.00259045,6.41576e-05,      0.9999998963
367,0.00254949,6.31433e-05,      0.9999998981
368,0.00253755,6.28475e-05,      0.9999998999
369,0.00249545,6.18049e-05,      0.9999999017
370,0.00247927,6.1404e-05,      0.9999999034
371,0.0024365,6.03449e-05,      0.9999999051
372,0.00239374,5.92857e-05,      0.9999999067
373,0.00238159,5.89849e-05,      0.9999999083
374,0.00236752,5.86364e-05,      0.9999999099
375,0.00233391,5.7804e-05,      0.9999999115
376,0.00232224,5.75148e-05,       0.999999913
377,0.00230014,5.69675e-05,      0.9999999145
378,0.00229007,5.67182e-05,       0.999999916
379,0.00226734,5.61553e-05,      0.9999999174
380,0.00224252,5.55405e-05,      0.9999999189
381,0.00221914,5.49615e-05,      0.9999999202
382,0.00221727,5.49151e-05,      0.9999999216
383,0.00218977,5.42341e-05,       0.999999923
384,0.00216553,5.36336e-05,      0.9999999243
385,0.0021324,5.28131e-05,      0.9999999256
386,0.00210817,5.2213e-05,      0.9999999269
387,0.00209433,5.18704e-05,      0.9999999281
388,0.00208313,5.15928e-05,      0.9999999293
389,0.00206885,5.12393e-05,      0.9999999305
390,0.0020502,5.07773e-05,      0.9999999317
391,0.00203347,5.0363e-05,      0.9999999329
392,0.00201269,4.98482e-05,       0.999999934
393,0.00200017,4.95382e-05,      0.9999999352
394,0.00198518,4.91669e-05,      0.9999999363
395,0.00196672,4.87097e-05,      0.9999999374
396,0.00194369,4.81394e-05,      0.9999999385
397,0.00193436,4.79082e-05,      0.9999999395
398,0.00191854,4.75164e-05,      0.9999999406
399,0.00189668,4.69751e-05,      0.9999999416
400,0.00187815,4.65161e-05,      0.9999999426
401,0.00186045,4.60777e-05,      0.9999999436
402,0.00184748,4.57566e-05,      0.9999999445
403,0.00182233,4.51335e-05,      0.9999999455
404,0.00179409,4.44342e-05,      0.9999999464
405,0.00177848,4.40475e-05,      0.9999999473
406,0.00175862,4.35558e-05,      0.9999999481
407,0.00174676,4.3262e-05,       0.999999949
408,0.00173922,4.30754e-05,      0.9999999499
409,0.00172682,4.2768e-05,      0.9999999507
410,0.00172303,4.26743e-05,      0.9999999515
411,0.00169011,4.1859e-05,      0.9999999524
412,0.00167772,4.15521e-05,      0.9999999531
413,0.0016761,4.15121e-05,      0.9999999539
414,0.00166332,4.11955e-05,      0.9999999547
415,0.00164852,4.08288e-05,      0.9999999555
416,0.00162699,4.02956e-05,      0.9999999562
417,0.00161199,3.99243e-05,       0.999999957
418,0.00159428,3.94855e-05,      0.9999999577
419,0.00159114,3.94079e-05,      0.9999999584
420,0.00157403,3.89841e-05,      0.9999999591
421,0.00155588,3.85346e-05,      0.9999999598
422,0.00155212,3.84412e-05,      0.9999999605
423,0.00154334,3.8224e-05,      0.9999999612
424,0.00153085,3.79147e-05,      0.9999999618
425,0.00151444,3.75082e-05,      0.9999999625
426,0.00150929,3.73806e-05,      0.9999999631
427,0.00148648,3.68157e-05,      0.9999999637
428,0.00147325,3.64881e-05,      0.9999999644
429,0.00145648,3.60726e-05,       0.999999965
430,0.00144493,3.57867e-05,      0.9999999655
431,0.00142557,3.53071e-05,      0.9999999661
432,0.00142031,3.51768e-05,      0.9999999667
433,0.00141265,3.49872e-05,      0.9999999673
434,0.00140068,3.46906e-05,      0.9999999678
435,0.00139429,3.45325e-05,      0.9999999684
436,0.00139008,3.44281e-05,      0.9999999689
437,0.0013748,3.40497e-05,      0.9999999694
438,0.0013656,3.38219e-05,        0.99999997
439,0.00134723,3.33668e-05,      0.9999999705
440,0.00132337,3.27759e-05,       0.999999971
441,0.0013165,3.26057e-05,      0.9999999715
442,0.00130565,3.23371e-05,       0.999999972
443,0.00128841,3.19101e-05,      0.9999999724
444,0.00128514,3.18291e-05,      0.9999999729
445,0.00127865,3.16683e-05,      0.9999999734
446,0.00126228,3.1263e-05,      0.9999999738
447,0.001262,3.12559e-05,      0.9999999743
448,0.00125248,3.10202e-05,      0.9999999747
449,0.00124174,3.07542e-05,      0.9999999751
450,0.00123183,3.05086e-05,      0.9999999756
451,0.00122939,3.04483e-05,       0.999999976
452,0.00120906,2.99449e-05,      0.9999999764
453,0.00119442,2.95821e-05,      0.9999999768
454,0.00118615,2.93775e-05,      0.9999999772
455,0.0011706,2.89923e-05,      0.9999999776
456,0.00116031,2.87375e-05,       0.999999978
457,0.00115632,2.86385e-05,      0.9999999784
458,0.00115379,2.85758e-05,      0.9999999787
459,0.00114326,2.83152e-05,      0.9999999791
460,0.00112998,2.79863e-05,      0.9999999795
461,0.00111018,2.74958e-05,      0.9999999798
462,0.00110006,2.72451e-05,      0.9999999802
463,0.0010874,2.69317e-05,      0.9999999805
464,0.00108095,2.6772e-05,      0.9999999808
465,0.00107807,2.67005e-05,      0.9999999811
466,0.00107399,2.65995e-05,      0.9999999815
467,0.00106709,2.64286e-05,      0.9999999818
468,0.00105625,2.61602e-05,      0.9999999821
469,0.00105056,2.60192e-05,      0.9999999824
470,0.00104822,2.59613e-05,      0.9999999827
471,0.00102437,2.53707e-05,       0.999999983
472,0.00102058,2.52767e-05,      0.9999999833
473,0.00100382,2.48616e-05,      0.9999999836
474,0.000999088,2.47444e-05,      0.9999999839
475,0.000990674,2.4536e-05,      0.9999999842
476,0.0009847,2.43881e-05,      0.9999999844
477,0.000976531,2.41857e-05,      0.9999999847
478,0.000970175,2.40283e-05,       0.999999985
479,0.000967011,2.395e-05,      0.9999999852
480,0.000958842,2.37476e-05,      0.9999999855
481,0.000948923,2.3502e-05,      0.9999999858
482,0.000938402,2.32414e-05,       0.999999986
483,0.000928829,2.30043e-05,      0.9999999863
484,0.000926178,2.29387e-05,      0.9999999865
485,0.000906857,2.24601e-05,      0.9999999867
486,0.000894096,2.21441e-05,       0.999999987
487,0.000889531,2.2031e-05,      0.9999999872
488,0.000877516,2.17335e-05,      0.9999999874
489,0.00087485,2.16674e-05,      0.9999999876
490,0.000865494,2.14357e-05,      0.9999999878
491,0.000860134,2.13029e-05,       0.999999988
492,0.000856533,2.12138e-05,      0.9999999882
493,0.000855071,2.11775e-05,      0.9999999884
494,0.000848045,2.10035e-05,      0.9999999887
495,0.000838898,2.0777e-05,      0.9999999889
496,0.000836533,2.07184e-05,       0.999999989
497,0.000831444,2.05924e-05,      0.9999999892
498,0.000822891,2.03805e-05,      0.9999999894
499,0.000814165,2.01644e-05,      0.9999999896
500,0.000801592,1.9853e-05,      0.9999999898
501,0.000795498,1.97021e-05,        0.99999999
502,0.000791764,1.96096e-05,      0.9999999902
503,0.00078507,1.94438e-05,      0.9999999903
504,0.000773711,1.91625e-05,      0.9999999905
505,0.000767896,1.90185e-05,      0.9999999907
506,0.000765269,1.89534e-05,      0.9999999908
507,0.00075381,1.86696e-05,       0.999999991
508,0.000749903,1.85729e-05,      0.9999999912
509,0.000747407,1.8511e-05,      0.9999999913
510,0.000735559,1.82176e-05,      0.9999999915
511,0.000729964,1.8079e-05,      0.9999999916
512,0.000727766,1.80246e-05,      0.9999999918
513,0.00072292,1.79046e-05,      0.9999999919
514,0.000714646,1.76996e-05,      0.9999999921
515,0.000710221,1.75901e-05,      0.9999999922
516,0.000708008,1.75352e-05,      0.9999999923
517,0.000702589,1.7401e-05,      0.9999999925
518,0.000693009,1.71638e-05,      0.9999999926
519,0.000681747,1.68848e-05,      0.9999999928
520,0.000676306,1.67501e-05,      0.9999999929
521,0.000671574,1.66329e-05,       0.999999993
522,0.000664179,1.64497e-05,      0.9999999931
523,0.000659053,1.63228e-05,      0.9999999933
524,0.000656849,1.62682e-05,      0.9999999934
525,0.000652999,1.61728e-05,      0.9999999935
526,0.000635014,1.57274e-05,      0.9999999936
527,0.000625452,1.54906e-05,      0.9999999937
528,0.000615599,1.52465e-05,      0.9999999938
529,0.000610656,1.51241e-05,      0.9999999939
530,0.000608914,1.5081e-05,       0.999999994
531,0.000605111,1.49868e-05,      0.9999999941
532,0.000599991,1.486e-05,      0.9999999943
533,0.000591966,1.46612e-05,      0.9999999943
534,0.000582928,1.44374e-05,      0.9999999944
535,0.000577534,1.43038e-05,      0.9999999945
536,0.000568671,1.40843e-05,      0.9999999946
537,0.000566578,1.40324e-05,      0.9999999947
538,0.00056088,1.38913e-05,      0.9999999948
539,0.000557426,1.38058e-05,      0.9999999949
540,0.000556054,1.37718e-05,       0.999999995
541,0.000546439,1.35337e-05,      0.9999999951
542,0.000545784,1.35174e-05,      0.9999999952
543,0.000538992,1.33492e-05,      0.9999999952
544,0.000534277,1.32324e-05,      0.9999999953
545,0.000529097,1.31041e-05,      0.9999999954
546,0.00052624,1.30334e-05,      0.9999999955
547,0.000522827,1.29489e-05,      0.9999999956
548,0.000516642,1.27957e-05,      0.9999999956
549,0.000508792,1.26013e-05,      0.9999999957
550,0.000506666,1.25486e-05,      0.9999999958
551,0.000501938,1.24315e-05,      0.9999999958
552,0.000495996,1.22843e-05,      0.9999999959
553,0.00049452,1.22478e-05,       0.999999996
554,0.000488852,1.21074e-05,      0.9999999961
555,0.000484775,1.20064e-05,      0.9999999961
556,0.000482619,1.1953e-05,      0.9999999962
557,0.000480041,1.18892e-05,      0.9999999963
558,0.000473875,1.17365e-05,      0.9999999963
559,0.00047266,1.17064e-05,      0.9999999964
560,0.000461714,1.14353e-05,      0.9999999964
561,0.000456148,1.12974e-05,      0.9999999965
562,0.000454828,1.12647e-05,      0.9999999966
563,0.000450509,1.11578e-05,      0.9999999966
564,0.000445313,1.10291e-05,      0.9999999967
565,0.000444706,1.1014e-05,      0.9999999967
566,0.000441344,1.09308e-05,      0.9999999968
567,0.000432895,1.07215e-05,      0.9999999968
568,0.000429838,1.06458e-05,      0.9999999969
569,0.000425282,1.0533e-05,      0.9999999969
570,0.000418585,1.03671e-05,       0.999999997
571,0.000416439,1.0314e-05,       0.999999997
572,0.000416053,1.03044e-05,      0.9999999971
573,0.000410619,1.01698e-05,      0.9999999971
574,0.000407784,1.00996e-05,      0.9999999972
575,0.000404574,1.00201e-05,      0.9999999972
576,0.000401219,9.93699e-06,      0.9999999973
577,0.00040075,9.92539e-06,      0.9999999973
578,0.000395408,9.79308e-06,      0.9999999974
579,0.000393814,9.7536e-06,      0.9999999974
580,0.00038842,9.62001e-06,      0.9999999974
581,0.000387445,9.59586e-06,      0.9999999975
582,0.000382969,9.485e-06,      0.9999999975
583,0.000377414,9.34742e-06,      0.9999999976
584,0.000372791,9.23292e-06,      0.9999999976
585,0.000369651,9.15516e-06,      0.9999999976
586,0.00036693,9.08777e-06,      0.9999999977
587,0.000363772,9.00954e-06,      0.9999999977
588,0.000356791,8.83665e-06,      0.9999999978
589,0.00035515,8.796e-06,      0.9999999978
590,0.000353355,8.75154e-06,      0.9999999978
591,0.00035021,8.67365e-06,      0.9999999979
592,0.00034725,8.60033e-06,      0.9999999979
593,0.00034552,8.55749e-06,      0.9999999979
594,0.000338093,8.37354e-06,       0.999999998
595,0.000337062,8.34802e-06,       0.999999998
596,0.000336015,8.32209e-06,       0.999999998
597,0.000335248,8.3031e-06,      0.9999999981
598,0.000331488,8.20996e-06,      0.9999999981
599,0.000326856,8.09524e-06,      0.9999999981
600,0.000324825,8.04494e-06,      0.9999999982
601,0.000321788,7.96973e-06,      0.9999999982
602,0.0003157,7.81895e-06,      0.9999999982
603,0.00031194,7.72583e-06,      0.9999999982
604,0.000310465,7.6893e-06,      0.9999999983
605,0.000308189,7.63291e-06,      0.9999999983
606,0.00030594,7.57721e-06,      0.9999999983
607,0.000303612,7.51956e-06,      0.9999999983
608,0.000301182,7.45938e-06,      0.9999999984
609,0.000297956,7.37947e-06,      0.9999999984
610,0.000296255,7.33735e-06,      0.9999999984
611,0.000293136,7.26011e-06,      0.9999999984
612,0.000290961,7.20622e-06,      0.9999999985
613,0.00028807,7.13463e-06,      0.9999999985
614,0.000286222,7.08886e-06,      0.9999999985
615,0.000281871,6.98109e-06,      0.9999999985
616,0.000281416,6.96982e-06,      0.9999999986
617,0.000279672,6.92665e-06,      0.9999999986
618,0.000274337,6.79451e-06,      0.9999999986
619,0.000270795,6.70678e-06,      0.9999999986
620,0.000268249,6.64372e-06,      0.9999999986
621,0.000266636,6.60377e-06,      0.9999999987
622,0.000265331,6.57145e-06,      0.9999999987
623,0.000262226,6.49456e-06,      0.9999999987
624,0.000260072,6.44121e-06,      0.9999999987
625,0.00025898,6.41416e-06,      0.9999999987
626,0.000256224,6.3459e-06,      0.9999999988
627,0.000255914,6.33823e-06,      0.9999999988
628,0.000252352,6.25001e-06,      0.9999999988
629,0.000250331,6.19995e-06,      0.9999999988
630,0.000249069,6.16869e-06,      0.9999999988
631,0.000246888,6.11469e-06,      0.9999999989
632,0.00024381,6.03843e-06,      0.9999999989
633,0.000243239,6.02431e-06,      0.9999999989
634,0.000241587,5.98339e-06,      0.9999999989
635,0.000240133,5.94738e-06,      0.9999999989
636,0.000236454,5.85626e-06,      0.9999999989
637,0.000235238,5.82613e-06,      0.9999999989
638,0.000233297,5.77808e-06,       0.999999999
639,0.000232407,5.75603e-06,       0.999999999
640,0.000230852,5.71752e-06,       0.999999999
641,0.000229725,5.6896e-06,       0.999999999
642,0.000228674,5.66356e-06,       0.999999999
643,0.000224875,5.56949e-06,       0.999999999
644,0.000223904,5.54542e-06,      0.9999999991
645,0.000223292,5.53026e-06,      0.9999999991
646,0.000221567,5.48756e-06,      0.9999999991
647,0.000218769,5.41826e-06,      0.9999999991
648,0.000217776,5.39367e-06,      0.9999999991
649,0.000216592,5.36433e-06,      0.9999999991
650,0.000213903,5.29773e-06,      0.9999999991
651,0.000213053,5.27668e-06,      0.9999999991
652,0.00021132,5.23376e-06,      0.9999999992
653,0.000209512,5.18897e-06,      0.9999999992
654,0.000207982,5.15108e-06,      0.9999999992
655,0.000206425,5.11252e-06,      0.9999999992
656,0.000205536,5.09052e-06,      0.9999999992
657,0.000202813,5.02307e-06,      0.9999999992
658,0.0002015,4.99054e-06,      0.9999999992
659,0.000199457,4.93995e-06,      0.9999999992
660,0.000197628,4.89464e-06,      0.9999999993
661,0.000196459,4.8657e-06,      0.9999999993
662,0.000194646,4.82081e-06,      0.9999999993
663,0.000192387,4.76485e-06,      0.9999999993
664,0.000192155,4.7591e-06,      0.9999999993
665,0.000190121,4.70874e-06,      0.9999999993
666,0.000188088,4.65838e-06,      0.9999999993
667,0.000185712,4.59952e-06,      0.9999999993
668,0.000185111,4.58465e-06,      0.9999999993
669,0.00018389,4.5544e-06,      0.9999999993
670,0.000182235,4.51341e-06,      0.9999999994
671,0.000180689,4.47512e-06,      0.9999999994
672,0.000178329,4.41668e-06,      0.9999999994
673,0.000176682,4.37589e-06,      0.9999999994
674,0.000175516,4.34701e-06,      0.9999999994
675,0.000174094,4.31179e-06,      0.9999999994
676,0.000172643,4.27586e-06,      0.9999999994
677,0.00017179,4.25471e-06,      0.9999999994
678,0.000170603,4.22532e-06,      0.9999999994
679,0.000169931,4.20867e-06,      0.9999999994
680,0.000167725,4.15405e-06,      0.9999999994
681,0.000167381,4.14554e-06,      0.9999999994
682,0.000165263,4.09306e-06,      0.9999999995
683,0.000164033,4.06259e-06,      0.9999999995
684,0.00016298,4.03652e-06,      0.9999999995
685,0.000161113,3.99029e-06,      0.9999999995
686,0.000158859,3.93445e-06,      0.9999999995
687,0.000158355,3.92198e-06,      0.9999999995
688,0.000156986,3.88807e-06,      0.9999999995
689,0.000156354,3.87241e-06,      0.9999999995
690,0.000153976,3.81353e-06,      0.9999999995
691,0.000153088,3.79154e-06,      0.9999999995
692,0.000152785,3.78403e-06,      0.9999999995
693,0.000150495,3.7273e-06,      0.9999999995
694,0.000149585,3.70476e-06,      0.9999999995
695,0.00014797,3.66476e-06,      0.9999999995
696,0.000147583,3.65518e-06,      0.9999999996
697,0.000145925,3.61412e-06,      0.9999999996
698,0.000145152,3.59499e-06,      0.9999999996
699,0.000143788,3.56119e-06,      0.9999999996
700,0.000142588,3.53147e-06,      0.9999999996
701,0.000141856,3.51335e-06,      0.9999999996
702,0.000140577,3.48167e-06,      0.9999999996
703,0.000140292,3.47461e-06,      0.9999999996
704,0.000139159,3.44654e-06,      0.9999999996
705,0.000138609,3.43292e-06,      0.9999999996
706,0.000138291,3.42506e-06,      0.9999999996
707,0.000136114,3.37113e-06,      0.9999999996
708,0.00013447,3.33043e-06,      0.9999999996
709,0.000133462,3.30546e-06,      0.9999999996
710,0.000132172,3.27351e-06,      0.9999999996
711,0.000131143,3.24801e-06,      0.9999999996
712,0.000130035,3.22058e-06,      0.9999999996
713,0.00012969,3.21204e-06,      0.9999999996
714,0.000128915,3.19284e-06,      0.9999999996
715,0.000127851,3.16648e-06,      0.9999999997
716,0.0001261,3.12313e-06,      0.9999999997
717,0.000125659,3.11219e-06,      0.9999999997
718,0.000125113,3.09868e-06,      0.9999999997
719,0.000124261,3.07757e-06,      0.9999999997
720,0.000124197,3.07599e-06,      0.9999999997
721,0.000123039,3.0473e-06,      0.9999999997
722,0.000122047,3.02275e-06,      0.9999999997
723,0.000121045,2.99791e-06,      0.9999999997
724,0.000119276,2.95412e-06,      0.9999999997
725,0.000118889,2.94453e-06,      0.9999999997
726,0.000118151,2.92624e-06,      0.9999999997
727,0.000116705,2.89044e-06,      0.9999999997
728,0.000116209,2.87814e-06,      0.9999999997
729,0.000116017,2.87338e-06,      0.9999999997
730,0.000114831,2.84401e-06,      0.9999999997
731,0.000113957,2.82239e-06,      0.9999999997
732,0.000113316,2.8065e-06,      0.9999999997
733,0.000112518,2.78672e-06,      0.9999999997
734,0.000111522,2.76208e-06,      0.9999999997
735,0.000110525,2.73738e-06,      0.9999999997
736,0.000109457,2.71092e-06,      0.9999999997
737,0.000109154,2.70341e-06,      0.9999999997
738,0.000107784,2.66948e-06,      0.9999999997
739,0.000107111,2.65282e-06,      0.9999999997
740,0.000106202,2.6303e-06,      0.9999999997
741,0.000105703,2.61794e-06,      0.9999999998
742,0.000105186,2.60515e-06,      0.9999999998
743,0.000104151,2.5795e-06,      0.9999999998
744,0.000103628,2.56654e-06,      0.9999999998
745,0.000102744,2.54466e-06,      0.9999999998
746,0.000101903,2.52383e-06,      0.9999999998
747,0.000101545,2.51496e-06,      0.9999999998
748,0.000100968,2.50067e-06,      0.9999999998
749,9.99339e-05,2.47506e-06,      0.9999999998
750,9.95442e-05,2.46541e-06,      0.9999999998
751,9.80273e-05,2.42784e-06,      0.9999999998
752,9.76269e-05,2.41793e-06,      0.9999999998
753,9.65353e-05,2.39089e-06,      0.9999999998
754,9.57126e-05,2.37051e-06,      0.9999999998
755,9.52338e-05,2.35865e-06,      0.9999999998
756,9.4543e-05,2.34155e-06,      0.9999999998
757,9.38055e-05,2.32328e-06,      0.9999999998
758,9.32101e-05,2.30854e-06,      0.9999999998
759,9.27661e-05,2.29754e-06,      0.9999999998
760,9.20117e-05,2.27885e-06,      0.9999999998
761,9.1303e-05,2.2613e-06,      0.9999999998
762,9.09862e-05,2.25346e-06,      0.9999999998
763,9.03114e-05,2.23674e-06,      0.9999999998
764,8.8887e-05,2.20146e-06,      0.9999999998
765,8.86287e-05,2.19507e-06,      0.9999999998
766,8.81315e-05,2.18275e-06,      0.9999999998
767,8.74273e-05,2.16531e-06,      0.9999999998
768,8.73497e-05,2.16339e-06,      0.9999999998
769,8.66699e-05,2.14655e-06,      0.9999999998
770,8.6053e-05,2.13127e-06,      0.9999999998
771,8.52757e-05,2.11202e-06,      0.9999999998
772,8.52525e-05,2.11145e-06,      0.9999999998
773,8.39391e-05,2.07892e-06,      0.9999999998
774,8.36136e-05,2.07086e-06,      0.9999999998
775,8.3223e-05,2.06118e-06,      0.9999999998
776,8.24616e-05,2.04233e-06,      0.9999999998
777,8.15654e-05,2.02013e-06,      0.9999999998
778,8.06333e-05,1.99705e-06,      0.9999999998
779,7.95879e-05,1.97115e-06,      0.9999999998
780,7.91938e-05,1.96139e-06,      0.9999999998
781,7.89763e-05,1.95601e-06,      0.9999999998
782,7.81305e-05,1.93506e-06,      0.9999999998
783,7.75139e-05,1.91979e-06,      0.9999999998
784,7.73895e-05,1.91671e-06,      0.9999999999
785,7.67954e-05,1.90199e-06,      0.9999999999
786,7.61793e-05,1.88673e-06,      0.9999999999
787,7.59862e-05,1.88195e-06,      0.9999999999
788,7.50906e-05,1.85977e-06,      0.9999999999
789,7.41248e-05,1.83585e-06,      0.9999999999
790,7.35274e-05,1.82105e-06,      0.9999999999
791,7.3249e-05,1.81416e-06,      0.9999999999
792,7.27568e-05,1.80197e-06,      0.9999999999
793,7.21585e-05,1.78715e-06,      0.9999999999
794,7.19603e-05,1.78224e-06,      0.9999999999
795,7.11734e-05,1.76275e-06,      0.9999999999
796,7.0752e-05,1.75232e-06,      0.9999999999
797,7.04369e-05,1.74451e-06,      0.9999999999
798,7.02864e-05,1.74078e-06,      0.9999999999
799,6.99139e-05,1.73156e-06,      0.9999999999
800,6.91209e-05,1.71192e-06,      0.9999999999
801,6.86186e-05,1.69948e-06,      0.9999999999
802,6.85452e-05,1.69766e-06,      0.9999999999
803,6.80292e-05,1.68488e-06,      0.9999999999
804,6.7943e-05,1.68274e-06,      0.9999999999
805,6.72061e-05,1.66449e-06,      0.9999999999
806,6.69842e-05,1.659e-06,      0.9999999999
807,6.67218e-05,1.6525e-06,      0.9999999999
808,6.58365e-05,1.63057e-06,      0.9999999999
809,6.54347e-05,1.62062e-06,      0.9999999999
810,6.52146e-05,1.61517e-06,      0.9999999999
811,6.49262e-05,1.60803e-06,      0.9999999999
812,6.44855e-05,1.59711e-06,      0.9999999999
813,6.40609e-05,1.5866e-06,      0.9999999999
814,6.38729e-05,1.58194e-06,      0.9999999999
815,6.33425e-05,1.5688e-06,      0.9999999999
816,6.31091e-05,1.56302e-06,      0.9999999999
817,6.28531e-05,1.55668e-06,      0.9999999999
818,6.23417e-05,1.54402e-06,      0.9999999999
819,6.16485e-05,1.52685e-06,      0.9999999999
820,6.1505e-05,1.52329e-06,      0.9999999999
821,6.13387e-05,1.51918e-06,      0.9999999999
822,6.12105e-05,1.516e-06,      0.9999999999
823,6.11023e-05,1.51332e-06,      0.9999999999
824,6.00381e-05,1.48696e-06,      0.9999999999
825,5.96676e-05,1.47779e-06,      0.9999999999
826,5.94225e-05,1.47172e-06,      0.9999999999
827,5.91608e-05,1.46523e-06,      0.9999999999
828,5.84503e-05,1.44764e-06,      0.9999999999
829,5.82246e-05,1.44205e-06,      0.9999999999
830,5.77002e-05,1.42906e-06,      0.9999999999
831,5.75349e-05,1.42497e-06,      0.9999999999
832,5.72688e-05,1.41838e-06,      0.9999999999
833,5.67426e-05,1.40534e-06,      0.9999999999
834,5.62502e-05,1.39315e-06,      0.9999999999
835,5.61875e-05,1.3916e-06,      0.9999999999
836,5.58339e-05,1.38284e-06,      0.9999999999
837,5.55224e-05,1.37512e-06,      0.9999999999
838,5.51187e-05,1.36512e-06,      0.9999999999
839,5.49455e-05,1.36083e-06,      0.9999999999
840,5.45488e-05,1.35101e-06,      0.9999999999
841,5.436e-05,1.34633e-06,      0.9999999999
842,5.39558e-05,1.33632e-06,      0.9999999999
843,5.36973e-05,1.32992e-06,      0.9999999999
844,5.32397e-05,1.31859e-06,      0.9999999999
845,5.31545e-05,1.31648e-06,      0.9999999999
846,5.26055e-05,1.30288e-06,      0.9999999999
847,5.22489e-05,1.29405e-06,      0.9999999999
848,5.21123e-05,1.29067e-06,      0.9999999999
849,5.17482e-05,1.28165e-06,      0.9999999999
850,5.14865e-05,1.27517e-06,      0.9999999999
851,5.11416e-05,1.26662e-06,      0.9999999999
852,5.11385e-05,1.26655e-06,      0.9999999999
853,5.06677e-05,1.25489e-06,      0.9999999999
854,5.04631e-05,1.24982e-06,      0.9999999999
855,5.01818e-05,1.24285e-06,      0.9999999999
856,4.98384e-05,1.23435e-06,      0.9999999999
857,4.95199e-05,1.22646e-06,      0.9999999999
858,4.92004e-05,1.21855e-06,      0.9999999999
859,4.88347e-05,1.20949e-06,      0.9999999999
860,4.85046e-05,1.20131e-06,      0.9999999999
861,4.82098e-05,1.19401e-06,      0.9999999999
862,4.78755e-05,1.18573e-06,      0.9999999999
863,4.77884e-05,1.18357e-06,      0.9999999999
864,4.75832e-05,1.17849e-06,      0.9999999999
865,4.73423e-05,1.17253e-06,      0.9999999999
866,4.70728e-05,1.16585e-06,      0.9999999999
867,4.63345e-05,1.14757e-06,      0.9999999999
868,4.62577e-05,1.14566e-06,      0.9999999999
869,4.59528e-05,1.13811e-06,      0.9999999999
870,4.59034e-05,1.13689e-06,      0.9999999999
871,4.5659e-05,1.13084e-06,      0.9999999999
872,4.52625e-05,1.12102e-06,      0.9999999999
873,4.51086e-05,1.1172e-06,      0.9999999999
874,4.4968e-05,1.11372e-06,      0.9999999999
875,4.44842e-05,1.10174e-06,      0.9999999999
876,4.42576e-05,1.09613e-06,      0.9999999999
877,4.40485e-05,1.09095e-06,      0.9999999999
878,4.36817e-05,1.08186e-06,      0.9999999999
879,4.35585e-05,1.07881e-06,      0.9999999999
880,4.33166e-05,1.07282e-06,      0.9999999999
881,4.32199e-05,1.07043e-06,      0.9999999999
882,4.29968e-05,1.0649e-06,      0.9999999999
883,4.27689e-05,1.05926e-06,      0.9999999999
884,4.25396e-05,1.05358e-06,      0.9999999999
885,4.23967e-05,1.05004e-06,      0.9999999999
886,4.21261e-05,1.04334e-06,      0.9999999999
887,4.20316e-05,1.041e-06,      0.9999999999
888,4.19524e-05,1.03903e-06,      0.9999999999
889,4.14681e-05,1.02704e-06,      0.9999999999
890,4.10478e-05,1.01663e-06,                 1
891,4.08891e-05,1.0127e-06,                 1
892,4.04954e-05,1.00295e-06,                 1
893,4.04248e-05,1.0012e-06,                 1
894,4.02629e-05,9.97191e-07,                 1
895,3.98551e-05,9.87091e-07,                 1
896,3.9731e-05,9.84019e-07,                 1
897,3.95287e-05,9.79007e-07,                 1
898,3.93815e-05,9.75363e-07,                 1
899,3.90748e-05,9.67767e-07,                 1
900,3.90073e-05,9.66094e-07,                 1
901,3.87619e-05,9.60016e-07,                 1
902,3.86839e-05,9.58083e-07,                 1
903,3.85216e-05,9.54064e-07,                 1
904,3.82998e-05,9.48571e-07,                 1
905,3.80621e-05,9.42685e-07,                 1
906,3.77244e-05,9.34321e-07,                 1
907,3.76525e-05,9.32538e-07,                 1
908,3.74547e-05,9.27641e-07,                 1
909,3.72866e-05,9.23476e-07,                 1
910,3.70422e-05,9.17424e-07,                 1
911,3.66929e-05,9.08773e-07,                 1
912,3.66052e-05,9.066e-07,                 1
913,3.63395e-05,9.0002e-07,                 1
914,3.6299e-05,8.99018e-07,                 1
915,3.59259e-05,8.89776e-07,                 1
916,3.56733e-05,8.83522e-07,                 1
917,3.55162e-05,8.79631e-07,                 1
918,3.54094e-05,8.76985e-07,                 1
919,3.51793e-05,8.71285e-07,                 1
920,3.51228e-05,8.69887e-07,                 1
921,3.48808e-05,8.63894e-07,                 1
922,3.4766e-05,8.6105e-07,                 1
923,3.46223e-05,8.57491e-07,                 1
924,3.45252e-05,8.55085e-07,                 1
925,3.42223e-05,8.47584e-07,                 1
926,3.41365e-05,8.45458e-07,                 1
927,3.39259e-05,8.40243e-07,                 1
928,3.38121e-05,8.37423e-07,                 1
929,3.37955e-05,8.37012e-07,                 1
930,3.35117e-05,8.29984e-07,                 1
931,3.31813e-05,8.21802e-07,                 1
932,3.31136e-05,8.20124e-07,                 1
933,3.29271e-05,8.15505e-07,                 1
934,3.28149e-05,8.12726e-07,                 1
935,3.24675e-05,8.04122e-07,                 1
936,3.23957e-05,8.02343e-07,                 1
937,3.23026e-05,8.00038e-07,                 1
938,3.20756e-05,7.94415e-07,                 1
939,3.19343e-05,7.90918e-07,                 1
940,3.18491e-05,7.88806e-07,                 1
941,3.16675e-05,7.8431e-07,                 1
942,3.15314e-05,7.80939e-07,                 1
943,3.1357e-05,7.76619e-07,                 1
944,3.12003e-05,7.72738e-07,                 1
945,3.09456e-05,7.6643e-07,                 1
946,3.0668e-05,7.59554e-07,                 1
947,3.04671e-05,7.54578e-07,                 1
948,3.03505e-05,7.5169e-07,                 1
949,3.02722e-05,7.49753e-07,                 1
950,3.01775e-05,7.47407e-07,                 1
951,3.00336e-05,7.43843e-07,                 1
952,2.98349e-05,7.38922e-07,                 1
953,2.9521e-05,7.31146e-07,                 1
954,2.9337e-05,7.2659e-07,                 1
955,2.91992e-05,7.23176e-07,                 1
956,2.90673e-05,7.19911e-07,                 1
957,2.89911e-05,7.18022e-07,                 1
958,2.89262e-05,7.16415e-07,                 1
959,2.87075e-05,7.10998e-07,                 1
960,2.86359e-05,7.09226e-07,                 1
961,2.84583e-05,7.04827e-07,                 1
962,2.83788e-05,7.02858e-07,                 1
963,2.82292e-05,6.99152e-07,                 1
964,2.81672e-05,6.97616e-07,                 1
965,2.80981e-05,6.95905e-07,                 1
966,2.79888e-05,6.93199e-07,                 1
967,2.79157e-05,6.91387e-07,                 1
968,2.76215e-05,6.84102e-07,                 1
969,2.75139e-05,6.81436e-07,                 1
970,2.72636e-05,6.75236e-07,                 1
971,2.7154e-05,6.72523e-07,                 1
972,2.71044e-05,6.71294e-07,                 1
973,2.67446e-05,6.62385e-07,                 1
974,2.6699e-05,6.61253e-07,                 1
975,2.66619e-05,6.60335e-07,                 1
976,2.64069e-05,6.54019e-07,                 1
977,2.63359e-05,6.52261e-07,                 1
978,2.6209e-05,6.49119e-07,                 1
979,2.59816e-05,6.43487e-07,                 1
980,2.5898e-05,6.41417e-07,                 1
981,2.57925e-05,6.38803e-07,                 1
982,2.57873e-05,6.38674e-07,                 1
983,2.5709e-05,6.36734e-07,                 1
984,2.5455e-05,6.30445e-07,                 1
985,2.53595e-05,6.28079e-07,                 1
986,2.52757e-05,6.26004e-07,                 1
987,2.51359e-05,6.2254e-07,                 1
988,2.49252e-05,6.17323e-07,                 1
989,2.48444e-05,6.15322e-07,                 1
990,2.48013e-05,6.14254e-07,                 1
991,2.47373e-05,6.1267e-07,                 1
992,2.44602e-05,6.05806e-07,                 1
993,2.44044e-05,6.04423e-07,                 1
994,2.42462e-05,6.00506e-07,                 1
995,2.42013e-05,5.99395e-07,                 1
996,2.41967e-05,5.99279e-07,                 1
997,2.40085e-05,5.94618e-07,                 1
998,2.38685e-05,5.9115e-07,                 1
999,2.37059e-05,5.87125e-07,                 1
1000,2.35826e-05,5.84071e-07,                 1
1001,2.34678e-05,5.81227e-07,                 1
1002,2.34427e-05,5.80606e-07,                 1
1003,2.30952e-05,5.71999e-07,                 1
1004,2.30773e-05,5.71555e-07,                 1
1005,2.29966e-05,5.69557e-07,                 1
1006,2.28534e-05,5.66009e-07,                 1
1007,2.27805e-05,5.64205e-07,                 1
1008,2.26498e-05,5.60969e-07,                 1
1009,2.25859e-05,5.59385e-07,                 1
1010,2.24326e-05,5.55588e-07,                 1
1011,2.238e-05,5.54285e-07,                 1
1012,2.21628e-05,5.48905e-07,                 1
1013,2.21594e-05,5.48822e-07,                 1
1014,2.20264e-05,5.45527e-07,                 1
1015,2.19106e-05,5.4266e-07,                 1
1016,2.18561e-05,5.41311e-07,                 1
1017,2.17693e-05,5.39161e-07,                 1
1018,2.16085e-05,5.35178e-07,                 1
1019,2.15855e-05,5.34608e-07,                 1
1020,2.14942e-05,5.32346e-07,                 1
1021,2.14001e-05,5.30017e-07,                 1
1022,2.13219e-05,5.2808e-07,                 1
1023,2.11929e-05,5.24883e-07,                 1
1024,2.11078e-05,5.22778e-07,                 1
1025,2.08788e-05,5.17105e-07,                 1
1026,2.08677e-05,5.16831e-07,                 1
1027,2.07647e-05,5.14281e-07,                 1
1028,2.0654e-05,5.11539e-07,                 1
1029,2.06255e-05,5.10833e-07,                 1
1030,2.04547e-05,5.06602e-07,                 1
1031,2.03154e-05,5.03151e-07,                 1
1032,2.02224e-05,5.00847e-07,                 1
1033,2.0113e-05,4.9814e-07,                 1
1034,2.00671e-05,4.97003e-07,                 1
1035,2.00032e-05,4.9542e-07,                 1
1036,1.98691e-05,4.92098e-07,                 1
1037,1.9711e-05,4.88183e-07,                 1
1038,1.96886e-05,4.87628e-07,                 1
1039,1.95815e-05,4.84974e-07,                 1
1040,1.94899e-05,4.82707e-07,                 1
1041,1.9436e-05,4.81371e-07,                 1
1042,1.93009e-05,4.78026e-07,                 1
1043,1.92586e-05,4.76979e-07,                 1
1044,1.91641e-05,4.74638e-07,                 1
1045,1.90489e-05,4.71784e-07,                 1
1046,1.89477e-05,4.69279e-07,                 1
1047,1.88315e-05,4.664e-07,                 1
1048,1.88111e-05,4.65893e-07,                 1
1049,1.87397e-05,4.64126e-07,                 1
1050,1.85919e-05,4.60467e-07,                 1
1051,1.85834e-05,4.60256e-07,                 1
1052,1.84304e-05,4.56467e-07,                 1
1053,1.84025e-05,4.55775e-07,                 1
1054,1.82845e-05,4.52853e-07,                 1
1055,1.82198e-05,4.5125e-07,                 1
1056,1.81456e-05,4.49413e-07,                 1
1057,1.81055e-05,4.48419e-07,                 1
1058,1.79835e-05,4.45398e-07,                 1
1059,1.79823e-05,4.45367e-07,                 1
1060,1.78568e-05,4.4226e-07,                 1
1061,1.76319e-05,4.36689e-07,                 1
1062,1.75895e-05,4.35639e-07,                 1
1063,1.7494e-05,4.33274e-07,                 1
1064,1.74811e-05,4.32954e-07,                 1
1065,1.73591e-05,4.29933e-07,                 1
1066,1.72343e-05,4.26841e-07,                 1
1067,1.71654e-05,4.25135e-07,                 1
1068,1.71597e-05,4.24995e-07,                 1
1069,1.71172e-05,4.23941e-07,                 1
1070,1.70373e-05,4.21963e-07,                 1
1071,1.69622e-05,4.20103e-07,                 1
1072,1.69467e-05,4.19719e-07,                 1
1073,1.67684e-05,4.15302e-07,                 1
1074,1.66641e-05,4.12719e-07,                 1
1075,1.66574e-05,4.12554e-07,                 1
1076,1.65803e-05,4.10645e-07,                 1
1077,1.6534e-05,4.09497e-07,                 1
1078,1.64428e-05,4.07239e-07,                 1
1079,1.63872e-05,4.05861e-07,                 1
1080,1.632e-05,4.04198e-07,                 1
1081,1.62183e-05,4.0168e-07,                 1
1082,1.6051e-05,3.97536e-07,                 1
1083,1.60417e-05,3.97305e-07,                 1
1084,1.59987e-05,3.96239e-07,                 1
1085,1.59579e-05,3.95229e-07,                 1
1086,1.58757e-05,3.93193e-07,                 1
1087,1.57918e-05,3.91115e-07,                 1
1088,1.57166e-05,3.89254e-07,                 1
1089,1.57165e-05,3.89251e-07,                 1
1090,1.55997e-05,3.86358e-07,                 1
1091,1.55052e-05,3.84018e-07,                 1
1092,1.54499e-05,3.82648e-07,                 1
1093,1.53253e-05,3.79562e-07,                 1
1094,1.52761e-05,3.78342e-07,                 1
1095,1.52227e-05,3.77021e-07,                 1
1096,1.52076e-05,3.76646e-07,                 1
1097,1.50531e-05,3.7282e-07,                 1
1098,1.50242e-05,3.72105e-07,                 1
1099,1.50013e-05,3.71537e-07,                 1
1100,1.48761e-05,3.68436e-07,                 1
1101,1.48288e-05,3.67265e-07,                 1
1102,1.47933e-05,3.66386e-07,                 1
1103,1.46838e-05,3.63674e-07,                 1
1104,1.46411e-05,3.62616e-07,                 1
1105,1.45113e-05,3.59402e-07,                 1
1106,1.43969e-05,3.56567e-07,                 1
1107,1.43245e-05,3.54775e-07,                 1
1108,1.42881e-05,3.53874e-07,                 1
1109,1.42194e-05,3.52173e-07,                 1
1110,1.41351e-05,3.50084e-07,                 1
1111,1.41249e-05,3.4983e-07,                 1
1112,1.40479e-05,3.47924e-07,                 1
1113,1.40239e-05,3.47329e-07,                 1
1114,1.39082e-05,3.44463e-07,                 1
1115,1.3825e-05,3.42405e-07,                 1
1116,1.38123e-05,3.4209e-07,                 1
1117,1.3812e-05,3.42081e-07,                 1
1118,1.36781e-05,3.38765e-07,                 1
1119,1.36009e-05,3.36853e-07,                 1
1120,1.35327e-05,3.35165e-07,                 1
1121,1.34702e-05,3.33617e-07,                 1
1122,1.34194e-05,3.32359e-07,                 1
1123,1.3396e-05,3.3178e-07,                 1
1124,1.33578e-05,3.30833e-07,                 1
1125,1.33159e-05,3.29794e-07,                 1
1126,1.31992e-05,3.26905e-07,                 1
1127,1.31847e-05,3.26545e-07,                 1
1128,1.31239e-05,3.25039e-07,                 1
1129,1.3122e-05,3.24991e-07,                 1
1130,1.30513e-05,3.23242e-07,                 1
1131,1.29977e-05,3.21914e-07,                 1
1132,1.29292e-05,3.20217e-07,                 1
1133,1.29047e-05,3.1961e-07,                 1
1134,1.27938e-05,3.16864e-07,                 1
1135,1.27665e-05,3.16187e-07,                 1
1136,1.27401e-05,3.15534e-07,                 1
1137,1.27079e-05,3.14736e-07,                 1
1138,1.26339e-05,3.12905e-07,                 1
1139,1.25473e-05,3.10758e-07,                 1
1140,1.25077e-05,3.09779e-07,                 1
1141,1.24067e-05,3.07277e-07,                 1
1142,1.23454e-05,3.05758e-07,                 1
1143,1.23057e-05,3.04776e-07,                 1
1144,1.22342e-05,3.03006e-07,                 1
1145,1.21781e-05,3.01614e-07,                 1
1146,1.21626e-05,3.01231e-07,                 1
1147,1.21121e-05,2.9998e-07,                 1
1148,1.20686e-05,2.98902e-07,                 1
1149,1.20173e-05,2.97633e-07,                 1
1150,1.19108e-05,2.94994e-07,                 1
1151,1.18845e-05,2.94344e-07,                 1
1152,1.18687e-05,2.93953e-07,                 1
1153,1.18674e-05,2.93921e-07,                 1
1154,1.18093e-05,2.92482e-07,                 1
1155,1.17236e-05,2.90358e-07,                 1
1156,1.16887e-05,2.89494e-07,                 1
1157,1.15763e-05,2.8671e-07,                 1
1158,1.1571e-05,2.86579e-07,                 1
1159,1.15341e-05,2.85665e-07,                 1
1160,1.14839e-05,2.84422e-07,                 1
1161,1.14426e-05,2.834e-07,                 1
1162,1.14402e-05,2.8334e-07,                 1
1163,1.1393e-05,2.8217e-07,                 1
1164,1.13557e-05,2.81246e-07,                 1
1165,1.12824e-05,2.79432e-07,                 1
1166,1.12509e-05,2.78652e-07,                 1
1167,1.1233e-05,2.78207e-07,                 1
1168,1.11801e-05,2.76898e-07,                 1
1169,1.10908e-05,2.74685e-07,                 1
1170,1.10848e-05,2.74538e-07,                 1
1171,1.10283e-05,2.73138e-07,                 1
1172,1.09998e-05,2.72433e-07,                 1
1173,1.09602e-05,2.71451e-07,                 1
1174,1.08989e-05,2.69932e-07,                 1
1175,1.08931e-05,2.6979e-07,                 1
1176,1.08511e-05,2.6875e-07,                 1
1177,1.08141e-05,2.67833e-07,                 1
1178,1.07882e-05,2.67192e-07,                 1
1179,1.06902e-05,2.64765e-07,                 1
1180,1.06703e-05,2.64271e-07,                 1
1181,1.06404e-05,2.63532e-07,                 1
1182,1.05607e-05,2.61557e-07,                 1
1183,1.05514e-05,2.61326e-07,                 1
1184,1.05129e-05,2.60372e-07,                 1
1185,1.04542e-05,2.58919e-07,                 1
1186,1.04017e-05,2.5762e-07,                 1
1187,1.0388e-05,2.57278e-07,                 1
1188,1.03633e-05,2.56669e-07,                 1
1189,1.0283e-05,2.54678e-07,                 1
1190,1.02622e-05,2.54165e-07,                 1
1191,1.02089e-05,2.52844e-07,                 1
1192,1.01737e-05,2.51972e-07,                 1
1193,1.01632e-05,2.51712e-07,                 1
1194,1.01035e-05,2.50233e-07,                 1
1195,1.00613e-05,2.49189e-07,                 1
1196,1.00334e-05,2.48498e-07,                 1
1197,9.99075e-06,2.47441e-07,                 1
1198,9.9804e-06,2.47185e-07,                 1
1199,9.89507e-06,2.45071e-07,                 1
1200,9.87638e-06,2.44608e-07,                 1
1201,9.85398e-06,2.44054e-07,                 1
1202,9.8426e-06,2.43772e-07,                 1
1203,9.83505e-06,2.43585e-07,                 1
1204,9.79676e-06,2.42636e-07,                 1
1205,9.76616e-06,2.41878e-07,                 1
1206,9.70334e-06,2.40323e-07,                 1
1207,9.61651e-06,2.38172e-07,                 1
1208,9.57496e-06,2.37143e-07,                 1
1209,9.56863e-06,2.36986e-07,                 1
1210,9.56182e-06,2.36818e-07,                 1
1211,9.48921e-06,2.35019e-07,                 1
1212,9.48789e-06,2.34987e-07,                 1
1213,9.47624e-06,2.34698e-07,                 1
1214,9.40567e-06,2.3295e-07,                 1
1215,9.35999e-06,2.31819e-07,                 1
1216,9.34717e-06,2.31501e-07,                 1
1217,9.30736e-06,2.30515e-07,                 1
1218,9.25038e-06,2.29104e-07,                 1
1219,9.23464e-06,2.28714e-07,                 1
1220,9.17044e-06,2.27124e-07,                 1
1221,9.16719e-06,2.27044e-07,                 1
1222,9.15501e-06,2.26742e-07,                 1
1223,9.13699e-06,2.26296e-07,                 1
1224,9.08021e-06,2.2489e-07,                 1
1225,9.07097e-06,2.24661e-07,                 1
1226,9.00127e-06,2.22934e-07,                 1
1227,8.97289e-06,2.22231e-07,                 1
1228,8.92661e-06,2.21085e-07,                 1
1229,8.91647e-06,2.20834e-07,                 1
1230,8.85851e-06,2.19399e-07,                 1
1231,8.79927e-06,2.17931e-07,                 1
1232,8.79526e-06,2.17832e-07,                 1
1233,8.73319e-06,2.16295e-07,                 1
1234,8.72381e-06,2.16063e-07,                 1
1235,8.70494e-06,2.15595e-07,                 1
1236,8.67092e-06,2.14753e-07,                 1
1237,8.64934e-06,2.14218e-07,                 1
1238,8.59127e-06,2.1278e-07,                 1
1239,8.55189e-06,2.11805e-07,                 1
1240,8.5432e-06,2.11589e-07,                 1
1241,8.47166e-06,2.09818e-07,                 1
1242,8.46118e-06,2.09558e-07,                 1
1243,8.41773e-06,2.08482e-07,                 1
1244,8.41604e-06,2.0844e-07,                 1
1245,8.39569e-06,2.07936e-07,                 1
1246,8.37715e-06,2.07477e-07,                 1
1247,8.35889e-06,2.07025e-07,                 1
1248,8.3335e-06,2.06396e-07,                 1
1249,8.31747e-06,2.05999e-07,                 1
1250,8.25635e-06,2.04485e-07,                 1
1251,8.22631e-06,2.03741e-07,                 1
1252,8.1739e-06,2.02443e-07,                 1
1253,8.17265e-06,2.02412e-07,                 1
1254,8.12883e-06,2.01327e-07,                 1
1255,8.09545e-06,2.005e-07,                 1
1256,8.08958e-06,2.00355e-07,                 1
1257,8.05732e-06,1.99556e-07,                 1
1258,8.00862e-06,1.98349e-07,                 1
1259,8.00804e-06,1.98335e-07,                 1
1260,8.00038e-06,1.98145e-07,                 1
1261,7.93495e-06,1.96525e-07,                 1
1262,7.91983e-06,1.9615e-07,                 1
1263,7.88485e-06,1.95284e-07,                 1
1264,7.88254e-06,1.95227e-07,                 1
1265,7.88178e-06,1.95208e-07,                 1
1266,7.81181e-06,1.93475e-07,                 1
1267,7.7904e-06,1.92945e-07,                 1
1268,7.76919e-06,1.9242e-07,                 1
1269,7.70704e-06,1.9088e-07,                 1
1270,7.70686e-06,1.90876e-07,                 1
1271,7.65336e-06,1.89551e-07,                 1
1272,7.65249e-06,1.89529e-07,                 1
1273,7.63687e-06,1.89142e-07,                 1
1274,7.57774e-06,1.87678e-07,                 1
1275,7.55678e-06,1.87159e-07,                 1
1276,7.49807e-06,1.85705e-07,                 1
1277,7.49602e-06,1.85654e-07,                 1
1278,7.48701e-06,1.85431e-07,                 1
1279,7.48498e-06,1.8538e-07,                 1
1280,7.44627e-06,1.84422e-07,                 1
1281,7.4066e-06,1.83439e-07,                 1
1282,7.38432e-06,1.82887e-07,                 1
1283,7.36848e-06,1.82495e-07,                 1
1284,7.3561e-06,1.82189e-07,                 1
1285,7.28884e-06,1.80523e-07,                 1
1286,7.23446e-06,1.79176e-07,                 1
1287,7.22935e-06,1.79049e-07,                 1
1288,7.21987e-06,1.78814e-07,                 1
1289,7.17009e-06,1.77582e-07,                 1
1290,7.14863e-06,1.7705e-07,                 1
1291,7.13944e-06,1.76822e-07,                 1
1292,7.10152e-06,1.75883e-07,                 1
1293,7.09011e-06,1.75601e-07,                 1
1294,7.07331e-06,1.75185e-07,                 1
1295,7.0431e-06,1.74437e-07,                 1
1296,7.02039e-06,1.73874e-07,                 1
1297,7.00649e-06,1.7353e-07,                 1
1298,6.94673e-06,1.7205e-07,                 1
1299,6.91094e-06,1.71163e-07,                 1
1300,6.90105e-06,1.70918e-07,                 1
1301,6.89432e-06,1.70752e-07,                 1
1302,6.87395e-06,1.70247e-07,                 1
1303,6.82134e-06,1.68944e-07,                 1
1304,6.80505e-06,1.68541e-07,                 1
1305,6.79365e-06,1.68258e-07,                 1
1306,6.78306e-06,1.67996e-07,                 1
1307,6.75355e-06,1.67265e-07,                 1
1308,6.75145e-06,1.67213e-07,                 1
1309,6.7261e-06,1.66585e-07,                 1
1310,6.71957e-06,1.66424e-07,                 1
1311,6.68155e-06,1.65482e-07,                 1
1312,6.65544e-06,1.64835e-07,                 1
1313,6.65116e-06,1.64729e-07,                 1
1314,6.64433e-06,1.6456e-07,                 1
1315,6.62886e-06,1.64177e-07,                 1
1316,6.56724e-06,1.62651e-07,                 1
1317,6.55601e-06,1.62373e-07,                 1
1318,6.5492e-06,1.62204e-07,                 1
1319,6.52199e-06,1.6153e-07,                 1
1320,6.50454e-06,1.61098e-07,                 1
1321,6.46115e-06,1.60023e-07,                 1
1322,6.44398e-06,1.59598e-07,                 1
1323,6.42977e-06,1.59246e-07,                 1
1324,6.40824e-06,1.58713e-07,                 1
1325,6.4005e-06,1.58521e-07,                 1
1326,6.38181e-06,1.58058e-07,                 1
1327,6.34662e-06,1.57187e-07,                 1
1328,6.32974e-06,1.56769e-07,                 1
1329,6.32845e-06,1.56737e-07,                 1
1330,6.291e-06,1.55809e-07,                 1
1331,6.27984e-06,1.55533e-07,                 1
1332,6.27825e-06,1.55493e-07,                 1
1333,6.23297e-06,1.54372e-07,                 1
1334,6.20529e-06,1.53686e-07,                 1
1335,6.19777e-06,1.535e-07,                 1
1336,6.16401e-06,1.52664e-07,                 1
1337,6.13342e-06,1.51906e-07,                 1
1338,6.13315e-06,1.519e-07,                 1
1339,6.11303e-06,1.51402e-07,                 1
1340,6.07867e-06,1.50551e-07,                 1
1341,6.05525e-06,1.4997e-07,                 1
1342,6.04202e-06,1.49643e-07,                 1
1343,6.0098e-06,1.48845e-07,                 1
1344,6.00026e-06,1.48609e-07,                 1
1345,5.97958e-06,1.48096e-07,                 1
1346,5.97166e-06,1.479e-07,                 1
1347,5.92764e-06,1.4681e-07,                 1
1348,5.91526e-06,1.46503e-07,                 1
1349,5.90396e-06,1.46223e-07,                 1
1350,5.89987e-06,1.46122e-07,                 1
1351,5.88913e-06,1.45856e-07,                 1
1352,5.83868e-06,1.44607e-07,                 1
1353,5.83237e-06,1.4445e-07,                 1
1354,5.81707e-06,1.44071e-07,                 1
1355,5.80249e-06,1.4371e-07,                 1
1356,5.77688e-06,1.43076e-07,                 1
1357,5.73872e-06,1.42131e-07,                 1
1358,5.71969e-06,1.4166e-07,                 1
1359,5.71463e-06,1.41534e-07,                 1
1360,5.7121e-06,1.41472e-07,                 1
1361,5.68707e-06,1.40852e-07,                 1
1362,5.64131e-06,1.39718e-07,                 1
1363,5.63584e-06,1.39583e-07,                 1
1364,5.62253e-06,1.39253e-07,                 1
1365,5.59225e-06,1.38503e-07,                 1
1366,5.58938e-06,1.38432e-07,                 1
1367,5.58081e-06,1.3822e-07,                 1
1368,5.57913e-06,1.38178e-07,                 1
1369,5.534e-06,1.37061e-07,                 1
1370,5.49981e-06,1.36214e-07,                 1
1371,5.49926e-06,1.362e-07,                 1
1372,5.48586e-06,1.35868e-07,                 1
1373,5.45669e-06,1.35146e-07,                 1
1374,5.45434e-06,1.35088e-07,                 1
1375,5.43533e-06,1.34617e-07,                 1
1376,5.40512e-06,1.33869e-07,                 1
1377,5.39151e-06,1.33531e-07,                 1
1378,5.38301e-06,1.33321e-07,                 1
1379,5.3726e-06,1.33063e-07,                 1
1380,5.34616e-06,1.32408e-07,                 1
1381,5.33819e-06,1.32211e-07,                 1
1382,5.30956e-06,1.31502e-07,                 1
1383,5.26003e-06,1.30275e-07,                 1
1384,5.2596e-06,1.30265e-07,                 1
1385,5.24343e-06,1.29864e-07,                 1
1386,5.22984e-06,1.29527e-07,                 1
1387,5.19934e-06,1.28772e-07,                 1
1388,5.16556e-06,1.27935e-07,                 1
1389,5.16368e-06,1.27889e-07,                 1
1390,5.16368e-06,1.27889e-07,                 1
1391,5.1611e-06,1.27825e-07,                 1
1392,5.16044e-06,1.27809e-07,                 1
1393,5.146e-06,1.27451e-07,                 1
1394,5.09885e-06,1.26283e-07,                 1
1395,5.09433e-06,1.26171e-07,                 1
1396,5.08533e-06,1.25948e-07,                 1
1397,5.05768e-06,1.25264e-07,                 1
1398,5.05121e-06,1.25103e-07,                 1
1399,5.04373e-06,1.24918e-07,                 1
1400,5.01902e-06,1.24306e-07,                 1
1401,4.97549e-06,1.23228e-07,                 1
1402,4.96758e-06,1.23032e-07,                 1
1403,4.94759e-06,1.22537e-07,                 1
1404,4.94473e-06,1.22466e-07,                 1
1405,4.92462e-06,1.21968e-07,                 1
1406,4.91934e-06,1.21837e-07,                 1
1407,4.91627e-06,1.21761e-07,                 1
1408,4.91309e-06,1.21683e-07,                 1
1409,4.865e-06,1.20491e-07,                 1
1410,4.84385e-06,1.19968e-07,                 1
1411,4.80591e-06,1.19028e-07,                 1
1412,4.80531e-06,1.19013e-07,                 1
1413,4.80417e-06,1.18985e-07,                 1
1414,4.80152e-06,1.18919e-07,                 1
1415,4.78891e-06,1.18607e-07,                 1
1416,4.78278e-06,1.18455e-07,                 1
1417,4.75531e-06,1.17775e-07,                 1
1418,4.75406e-06,1.17744e-07,                 1
1419,4.73292e-06,1.1722e-07,                 1
1420,4.71826e-06,1.16857e-07,                 1
1421,4.68961e-06,1.16147e-07,                 1
1422,4.68632e-06,1.16066e-07,                 1
1423,4.65617e-06,1.15319e-07,                 1
1424,4.6318e-06,1.14716e-07,                 1
1425,4.62255e-06,1.14487e-07,                 1
1426,4.61513e-06,1.14303e-07,                 1
1427,4.59382e-06,1.13775e-07,                 1
1428,4.59346e-06,1.13766e-07,                 1
1429,4.54536e-06,1.12575e-07,                 1
1430,4.5446e-06,1.12556e-07,                 1
1431,4.53262e-06,1.1226e-07,                 1
1432,4.51645e-06,1.11859e-07,                 1
1433,4.51581e-06,1.11843e-07,                 1
1434,4.47918e-06,1.10936e-07,                 1
1435,4.47154e-06,1.10747e-07,                 1
1436,4.47124e-06,1.10739e-07,                 1
1437,4.46632e-06,1.10617e-07,                 1
1438,4.45041e-06,1.10223e-07,                 1
1439,4.45027e-06,1.1022e-07,                 1
1440,4.39324e-06,1.08807e-07,                 1
1441,4.39077e-06,1.08746e-07,                 1
1442,4.3772e-06,1.0841e-07,                 1
1443,4.36964e-06,1.08223e-07,                 1
1444,4.36183e-06,1.08029e-07,                 1
1445,4.34413e-06,1.07591e-07,                 1
1446,4.33466e-06,1.07357e-07,                 1
1447,4.31602e-06,1.06895e-07,                 1
1448,4.30627e-06,1.06654e-07,                 1
1449,4.29672e-06,1.06417e-07,                 1
1450,4.28801e-06,1.06201e-07,                 1
1451,4.26674e-06,1.05674e-07,                 1
1452,4.2531e-06,1.05337e-07,                 1
1453,4.24854e-06,1.05223e-07,                 1
1454,4.24338e-06,1.05096e-07,                 1
1455,4.20784e-06,1.04216e-07,                 1
1456,4.17441e-06,1.03388e-07,                 1
1457,4.15941e-06,1.03016e-07,                 1
1458,4.15609e-06,1.02934e-07,                 1
1459,4.14855e-06,1.02747e-07,                 1
1460,4.14634e-06,1.02693e-07,                 1
1461,4.13911e-06,1.02513e-07,                 1
1462,4.11615e-06,1.01945e-07,                 1
1463,4.10174e-06,1.01588e-07,                 1
1464,4.07047e-06,1.00813e-07,                 1
1465,4.05699e-06,1.00479e-07,                 1
1466,4.05347e-06,1.00392e-07,                 1
1467,4.04075e-06,1.00077e-07,                 1
1468,4.03176e-06,9.98545e-08,                 1
1469,4.01083e-06,9.93363e-08,                 1
1470,4.00125e-06,9.9099e-08,                 1
1471,3.99542e-06,9.89546e-08,                 1
1472,3.97889e-06,9.85451e-08,                 1
1473,3.97761e-06,9.85135e-08,                 1
1474,3.94055e-06,9.75956e-08,                 1
1475,3.93151e-06,9.73718e-08,                 1
1476,3.92464e-06,9.72016e-08,                 1
1477,3.9108e-06,9.68587e-08,                 1
1478,3.90771e-06,9.67823e-08,                 1
1479,3.88605e-06,9.62458e-08,                 1
1480,3.88093e-06,9.61191e-08,                 1
1481,3.87205e-06,9.58991e-08,                 1
1482,3.86241e-06,9.56603e-08,                 1
1483,3.83871e-06,9.50734e-08,                 1
1484,3.83135e-06,9.48912e-08,                 1
1485,3.81184e-06,9.44078e-08,                 1
1486,3.80669e-06,9.42802e-08,                 1
1487,3.80248e-06,9.4176e-08,                 1
1488,3.78818e-06,9.38218e-08,                 1
1489,3.78715e-06,9.37964e-08,                 1
1490,3.77096e-06,9.33953e-08,                 1
1491,3.76001e-06,9.31242e-08,                 1
1492,3.74941e-06,9.28618e-08,                 1
1493,3.72402e-06,9.22328e-08,                 1
1494,3.70629e-06,9.17937e-08,                 1
1495,3.70409e-06,9.17392e-08,                 1
1496,3.68651e-06,9.13037e-08,                 1
1497,3.66383e-06,9.0742e-08,                 1
1498,3.63706e-06,9.0079e-08,                 1
1499,3.63395e-06,9.00022e-08,                 1
1500,3.60928e-06,8.93911e-08,                 1
1501,3.60834e-06,8.93678e-08,                 1
1502,3.60233e-06,8.9219e-08,                 1
1503,3.59947e-06,8.9148e-08,                 1
1504,3.59536e-06,8.90462e-08,                 1
1505,3.59309e-06,8.89901e-08,                 1
1506,3.5544e-06,8.80318e-08,                 1
1507,3.55382e-06,8.80174e-08,                 1
1508,3.55094e-06,8.79462e-08,                 1
1509,3.53548e-06,8.75634e-08,                 1
1510,3.53451e-06,8.75393e-08,                 1
1511,3.51839e-06,8.71399e-08,                 1
1512,3.49159e-06,8.64763e-08,                 1
1513,3.4768e-06,8.611e-08,                 1
1514,3.47629e-06,8.60973e-08,                 1
1515,3.45375e-06,8.55391e-08,                 1
1516,3.45242e-06,8.55061e-08,                 1
1517,3.4408e-06,8.52183e-08,                 1
1518,3.43576e-06,8.50934e-08,                 1
1519,3.41936e-06,8.46873e-08,                 1
1520,3.40467e-06,8.43236e-08,                 1
1521,3.40204e-06,8.42582e-08,                 1
1522,3.39204e-06,8.40108e-08,                 1
1523,3.38046e-06,8.37238e-08,                 1
1524,3.36131e-06,8.32496e-08,                 1
1525,3.34659e-06,8.2885e-08,                 1
1526,3.33501e-06,8.25981e-08,                 1
1527,3.33195e-06,8.25225e-08,                 1
1528,3.32591e-06,8.23728e-08,                 1
1529,3.31865e-06,8.2193e-08,                 1
1530,3.31822e-06,8.21823e-08,                 1
1531,3.31718e-06,8.21566e-08,                 1
1532,3.29503e-06,8.16081e-08,                 1
1533,3.27824e-06,8.11921e-08,                 1
1534,3.25032e-06,8.05008e-08,                 1
1535,3.24926e-06,8.04745e-08,                 1
1536,3.24763e-06,8.0434e-08,                 1
1537,3.24166e-06,8.02861e-08,                 1
1538,3.22705e-06,7.99243e-08,                 1
1539,3.19599e-06,7.91552e-08,                 1
1540,3.17342e-06,7.85961e-08,                 1
1541,3.16775e-06,7.84558e-08,                 1
1542,3.15335e-06,7.80991e-08,                 1
1543,3.1456e-06,7.7907e-08,                 1
1544,3.14336e-06,7.78517e-08,                 1
1545,3.14074e-06,7.77867e-08,                 1
1546,3.13513e-06,7.76477e-08,                 1
1547,3.13014e-06,7.75241e-08,                 1
1548,3.1109e-06,7.70476e-08,                 1
1549,3.10603e-06,7.6927e-08,                 1
1550,3.09222e-06,7.65851e-08,                 1
1551,3.0891e-06,7.65077e-08,                 1
1552,3.04141e-06,7.53265e-08,                 1
1553,3.03634e-06,7.52011e-08,                 1
1554,3.03504e-06,7.51688e-08,                 1
1555,3.03216e-06,7.50976e-08,                 1
1556,3.02848e-06,7.50063e-08,                 1
1557,3.02662e-06,7.49604e-08,                 1
1558,3.01852e-06,7.47598e-08,                 1
1559,2.99698e-06,7.42262e-08,                 1
1560,2.98647e-06,7.39659e-08,                 1
1561,2.97958e-06,7.37952e-08,                 1
1562,2.97582e-06,7.37022e-08,                 1
1563,2.96716e-06,7.34877e-08,                 1
1564,2.96651e-06,7.34716e-08,                 1
1565,2.96254e-06,7.33733e-08,                 1
1566,2.9555e-06,7.31989e-08,                 1
1567,2.94727e-06,7.2995e-08,                 1
1568,2.94611e-06,7.29663e-08,                 1
1569,2.93312e-06,7.26445e-08,                 1
1570,2.91416e-06,7.21749e-08,                 1
1571,2.89093e-06,7.15998e-08,                 1
1572,2.85835e-06,7.07927e-08,                 1
1573,2.84819e-06,7.0541e-08,                 1
1574,2.84541e-06,7.04722e-08,                 1
1575,2.84141e-06,7.03732e-08,                 1
1576,2.83497e-06,7.02138e-08,                 1
1577,2.81183e-06,6.96407e-08,                 1
1578,2.80442e-06,6.94571e-08,                 1
1579,2.80332e-06,6.94298e-08,                 1
1580,2.78901e-06,6.90753e-08,                 1
1581,2.78553e-06,6.89892e-08,                 1
1582,2.76056e-06,6.83707e-08,                 1
1583,2.75681e-06,6.82778e-08,                 1
1584,2.75179e-06,6.81535e-08,                 1
1585,2.74194e-06,6.79096e-08,                 1
1586,2.73655e-06,6.7776e-08,                 1
1587,2.73468e-06,6.77299e-08,                 1
1588,2.72651e-06,6.75275e-08,                 1
1589,2.71714e-06,6.72955e-08,                 1
1590,2.70403e-06,6.69707e-08,                 1
1591,2.69824e-06,6.68272e-08,                 1
1592,2.67084e-06,6.61487e-08,                 1
1593,2.65712e-06,6.58088e-08,                 1
1594,2.64732e-06,6.55662e-08,                 1
1595,2.6389e-06,6.53576e-08,                 1
1596,2.6361e-06,6.52883e-08,                 1
1597,2.63112e-06,6.51649e-08,                 1
1598,2.62969e-06,6.51295e-08,                 1
1599,2.60717e-06,6.45718e-08,                 1
1600,2.6014e-06,6.44289e-08,                 1
1601,2.59761e-06,6.43349e-08,                 1
1602,2.59533e-06,6.42787e-08,                 1
1603,2.59034e-06,6.41549e-08,                 1
1604,2.58505e-06,6.4024e-08,                 1
1605,2.57647e-06,6.38113e-08,                 1
1606,2.57249e-06,6.37129e-08,                 1
1607,2.5681e-06,6.3604e-08,                 1
1608,2.55063e-06,6.31715e-08,                 1
1609,2.53818e-06,6.28632e-08,                 1
1610,2.53004e-06,6.26614e-08,                 1
1611,2.52827e-06,6.26178e-08,                 1
1612,2.51736e-06,6.23475e-08,                 1
1613,2.50216e-06,6.19711e-08,                 1
1614,2.49816e-06,6.18719e-08,                 1
1615,2.49551e-06,6.18063e-08,                 1
1616,2.49374e-06,6.17626e-08,                 1
1617,2.47989e-06,6.14194e-08,                 1
1618,2.47754e-06,6.13612e-08,                 1
1619,2.46446e-06,6.10373e-08,                 1
1620,2.4572e-06,6.08574e-08,                 1
1621,2.45393e-06,6.07766e-08,                 1
1622,2.40522e-06,5.957e-08,                 1
1623,2.40286e-06,5.95116e-08,                 1
1624,2.40252e-06,5.95032e-08,                 1
1625,2.39105e-06,5.92192e-08,                 1
1626,2.38774e-06,5.9137e-08,                 1
1627,2.38627e-06,5.91009e-08,                 1
1628,2.35928e-06,5.84323e-08,                 1
1629,2.34903e-06,5.81785e-08,                 1
1630,2.34509e-06,5.80808e-08,                 1
1631,2.34354e-06,5.80424e-08,                 1
1632,2.34307e-06,5.80309e-08,                 1
1633,2.33844e-06,5.79163e-08,                 1
1634,2.32752e-06,5.76457e-08,                 1
1635,2.32163e-06,5.74998e-08,                 1
1636,2.31769e-06,5.74023e-08,                 1
1637,2.31385e-06,5.73071e-08,                 1
1638,2.30653e-06,5.71257e-08,                 1
1639,2.2938e-06,5.68106e-08,                 1
1640,2.28024e-06,5.64747e-08,                 1
1641,2.2781e-06,5.64217e-08,                 1
1642,2.2771e-06,5.6397e-08,                 1
1643,2.27273e-06,5.62886e-08,                 1
1644,2.25457e-06,5.5839e-08,                 1
1645,2.2484e-06,5.56861e-08,                 1
1646,2.23014e-06,5.52338e-08,                 1
1647,2.20473e-06,5.46046e-08,                 1
1648,2.20295e-06,5.45605e-08,                 1
1649,2.19985e-06,5.44836e-08,                 1
1650,2.19687e-06,5.44099e-08,                 1
1651,2.19314e-06,5.43175e-08,                 1
1652,2.18982e-06,5.42354e-08,                 1
1653,2.18683e-06,5.41611e-08,                 1
1654,2.17899e-06,5.3967e-08,                 1
1655,2.17887e-06,5.39641e-08,                 1
1656,2.15258e-06,5.3313e-08,                 1
1657,2.136e-06,5.29024e-08,                 1
1658,2.12922e-06,5.27344e-08,                 1
1659,2.12321e-06,5.25856e-08,                 1
1660,2.12305e-06,5.25815e-08,                 1
1661,2.11992e-06,5.2504e-08,                 1
1662,2.1135e-06,5.2345e-08,                 1
1663,2.11033e-06,5.22665e-08,                 1
1664,2.10486e-06,5.2131e-08,                 1
1665,2.08291e-06,5.15876e-08,                 1
1666,2.05671e-06,5.09385e-08,                 1
1667,2.05543e-06,5.09069e-08,                 1
1668,2.05e-06,5.07725e-08,                 1
1669,2.04689e-06,5.06953e-08,                 1
1670,2.04027e-06,5.05314e-08,                 1
1671,2.02896e-06,5.02512e-08,                 1
1672,2.02532e-06,5.01612e-08,                 1
1673,2.02369e-06,5.01208e-08,                 1
1674,2.01344e-06,4.98668e-08,                 1
1675,2.01192e-06,4.98293e-08,                 1
1676,2.0076e-06,4.97222e-08,                 1
1677,1.99867e-06,4.95011e-08,                 1
1678,1.98482e-06,4.91579e-08,                 1
1679,1.98249e-06,4.91002e-08,                 1
1680,1.98152e-06,4.90762e-08,                 1
1681,1.97657e-06,4.89538e-08,                 1
1682,1.97464e-06,4.8906e-08,                 1
1683,1.96614e-06,4.86955e-08,                 1
1684,1.96393e-06,4.86408e-08,                 1
1685,1.9512e-06,4.83253e-08,                 1
1686,1.94341e-06,4.81324e-08,                 1
1687,1.94033e-06,4.80561e-08,                 1
1688,1.93117e-06,4.78293e-08,                 1
1689,1.92233e-06,4.76103e-08,                 1
1690,1.91984e-06,4.75486e-08,                 1
1691,1.91748e-06,4.74902e-08,                 1
1692,1.9082e-06,4.72605e-08,                 1
1693,1.90554e-06,4.71945e-08,                 1
1694,1.88181e-06,4.66068e-08,                 1
1695,1.8709e-06,4.63365e-08,                 1
1696,1.86951e-06,4.63021e-08,                 1
1697,1.85473e-06,4.59361e-08,                 1
1698,1.85266e-06,4.58848e-08,                 1
1699,1.83692e-06,4.5495e-08,                 1
1700,1.82122e-06,4.51061e-08,                 1
1701,1.81852e-06,4.50394e-08,                 1
1702,1.818e-06,4.50264e-08,                 1
1703,1.81428e-06,4.49342e-08,                 1
1704,1.79e-06,4.4333e-08,                 1
1705,1.78858e-06,4.42978e-08,                 1
1706,1.78711e-06,4.42614e-08,                 1
1707,1.7847e-06,4.42017e-08,                 1
1708,1.78256e-06,4.41487e-08,                 1
1709,1.77836e-06,4.40446e-08,                 1
1710,1.7774e-06,4.40208e-08,                 1
1711,1.75727e-06,4.35224e-08,                 1
1712,1.75101e-06,4.33673e-08,                 1
1713,1.7374e-06,4.30303e-08,                 1
1714,1.72883e-06,4.2818e-08,                 1
1715,1.72787e-06,4.27941e-08,                 1
1716,1.71884e-06,4.25706e-08,                 1
1717,1.71111e-06,4.23791e-08,                 1
1718,1.70969e-06,4.23438e-08,                 1
1719,1.70923e-06,4.23325e-08,                 1
1720,1.70753e-06,4.22904e-08,                 1
1721,1.694e-06,4.19553e-08,                 1
1722,1.68604e-06,4.17582e-08,                 1
1723,1.6758e-06,4.15046e-08,                 1
1724,1.66353e-06,4.12007e-08,                 1
1725,1.64366e-06,4.07085e-08,                 1
1726,1.64335e-06,4.07009e-08,                 1
1727,1.64211e-06,4.06701e-08,                 1
1728,1.63143e-06,4.04055e-08,                 1
1729,1.63134e-06,4.04033e-08,                 1
1730,1.6257e-06,4.02637e-08,                 1
1731,1.61184e-06,3.99203e-08,                 1
1732,1.60692e-06,3.97986e-08,                 1
1733,1.60671e-06,3.97934e-08,                 1
1734,1.60583e-06,3.97715e-08,                 1
1735,1.59859e-06,3.95924e-08,                 1
1736,1.59195e-06,3.94278e-08,                 1
1737,1.57796e-06,3.90813e-08,                 1
1738,1.57627e-06,3.90394e-08,                 1
1739,1.574e-06,3.89832e-08,                 1
1740,1.54916e-06,3.83681e-08,                 1
1741,1.54544e-06,3.82759e-08,                 1
1742,1.54076e-06,3.816e-08,                 1
1743,1.54071e-06,3.81587e-08,                 1
1744,1.52851e-06,3.78566e-08,                 1
1745,1.51628e-06,3.75537e-08,                 1
1746,1.51478e-06,3.75167e-08,                 1
1747,1.51194e-06,3.74463e-08,                 1
1748,1.50707e-06,3.73256e-08,                 1
1749,1.50146e-06,3.71867e-08,                 1
1750,1.49428e-06,3.70087e-08,                 1
1751,1.49168e-06,3.69444e-08,                 1
1752,1.49102e-06,3.69281e-08,                 1
1753,1.47808e-06,3.66076e-08,                 1
1754,1.47411e-06,3.65094e-08,                 1
1755,1.47288e-06,3.64789e-08,                 1
1756,1.46451e-06,3.62715e-08,                 1
1757,1.45071e-06,3.59297e-08,                 1
1758,1.44782e-06,3.58583e-08,                 1
1759,1.44478e-06,3.57828e-08,                 1
1760,1.4433e-06,3.57462e-08,                 1
1761,1.4391e-06,3.56422e-08,                 1
1762,1.43327e-06,3.54977e-08,                 1
1763,1.43307e-06,3.54928e-08,                 1
1764,1.42941e-06,3.54021e-08,                 1
1765,1.42787e-06,3.53641e-08,                 1
1766,1.42627e-06,3.53244e-08,                 1
1767,1.42488e-06,3.52901e-08,                 1
1768,1.42379e-06,3.52631e-08,                 1
1769,1.42181e-06,3.52141e-08,                 1
1770,1.40991e-06,3.49193e-08,                 1
1771,1.39632e-06,3.45828e-08,                 1
1772,1.38579e-06,3.43217e-08,                 1
1773,1.38299e-06,3.42525e-08,                 1
1774,1.38097e-06,3.42025e-08,                 1
1775,1.35944e-06,3.36693e-08,                 1
1776,1.34807e-06,3.33875e-08,                 1
1777,1.34616e-06,3.33402e-08,                 1
1778,1.33553e-06,3.30771e-08,                 1
1779,1.33345e-06,3.30256e-08,                 1
1780,1.32412e-06,3.27944e-08,                 1
1781,1.31709e-06,3.26203e-08,                 1
1782,1.31224e-06,3.25004e-08,                 1
1783,1.31201e-06,3.24945e-08,                 1
1784,1.3072e-06,3.23755e-08,                 1
1785,1.30656e-06,3.23596e-08,                 1
1786,1.30102e-06,3.22224e-08,                 1
1787,1.28773e-06,3.18932e-08,                 1
1788,1.28168e-06,3.17433e-08,                 1
1789,1.28116e-06,3.17304e-08,                 1
1790,1.28058e-06,3.17162e-08,                 1
1791,1.28055e-06,3.17154e-08,                 1
1792,1.27626e-06,3.16091e-08,                 1
1793,1.27244e-06,3.15145e-08,                 1
1794,1.26927e-06,3.14361e-08,                 1
1795,1.25959e-06,3.11964e-08,                 1
1796,1.25747e-06,3.11436e-08,                 1
1797,1.25431e-06,3.10654e-08,                 1
1798,1.24662e-06,3.0875e-08,                 1
1799,1.24331e-06,3.0793e-08,                 1
1800,1.2312e-06,3.04932e-08,                 1
1801,1.23003e-06,3.0464e-08,                 1
1802,1.22907e-06,3.04403e-08,                 1
1803,1.21793e-06,3.01644e-08,                 1
1804,1.20312e-06,2.97977e-08,                 1
1805,1.19855e-06,2.96845e-08,                 1
1806,1.19694e-06,2.96447e-08,                 1
1807,1.19441e-06,2.9582e-08,                 1
1808,1.19106e-06,2.9499e-08,                 1
1809,1.18902e-06,2.94485e-08,                 1
1810,1.18307e-06,2.93012e-08,                 1
1811,1.17504e-06,2.91022e-08,                 1
1812,1.17121e-06,2.90072e-08,                 1
1813,1.16642e-06,2.88888e-08,                 1
1814,1.16113e-06,2.87578e-08,                 1
1815,1.15432e-06,2.8589e-08,                 1
1816,1.14297e-06,2.8308e-08,                 1
1817,1.1405e-06,2.82469e-08,                 1
1818,1.1372e-06,2.8165e-08,                 1
1819,1.13581e-06,2.81307e-08,                 1
1820,1.12966e-06,2.79782e-08,                 1
1821,1.12609e-06,2.789e-08,                 1
1822,1.12221e-06,2.77937e-08,                 1
1823,1.11651e-06,2.76526e-08,                 1
1824,1.11643e-06,2.76506e-08,                 1
1825,1.11515e-06,2.7619e-08,                 1
1826,1.11406e-06,2.75919e-08,                 1
1827,1.11385e-06,2.75868e-08,                 1
1828,1.10214e-06,2.72967e-08,                 1
1829,1.09698e-06,2.71689e-08,                 1
1830,1.09418e-06,2.70996e-08,                 1
1831,1.08436e-06,2.68563e-08,                 1
1832,1.07806e-06,2.67004e-08,                 1
1833,1.06148e-06,2.62896e-08,                 1
1834,1.06027e-06,2.62597e-08,                 1
1835,1.05888e-06,2.62254e-08,                 1
1836,1.05748e-06,2.61906e-08,                 1
1837,1.05139e-06,2.60398e-08,                 1
1838,1.04011e-06,2.57603e-08,                 1
1839,1.03511e-06,2.56366e-08,                 1
1840,1.0346e-06,2.56241e-08,                 1
1841,1.03219e-06,2.55643e-08,                 1
1842,1.03026e-06,2.55165e-08,                 1
1843,1.02949e-06,2.54973e-08,                 1
1844,1.01943e-06,2.52483e-08,                 1
1845,1.01556e-06,2.51523e-08,                 1
1846,1.01042e-06,2.50252e-08,                 1
1847,1.00372e-06,2.48591e-08,                 1
1848,9.98897e-07,2.47397e-08,                 1
1849,9.97976e-07,2.47169e-08,                 1
1850,9.89982e-07,2.45189e-08,                 1
1851,9.7562e-07,2.41632e-08,                 1
1852,9.74316e-07,2.41309e-08,                 1
1853,9.73608e-07,2.41133e-08,                 1
1854,9.65942e-07,2.39235e-08,                 1
1855,9.50629e-07,2.35442e-08,                 1
1856,9.48335e-07,2.34874e-08,                 1
1857,9.47928e-07,2.34773e-08,                 1
1858,9.47344e-07,2.34629e-08,                 1
1859,9.43637e-07,2.33711e-08,                 1
1860,9.43178e-07,2.33597e-08,                 1
1861,9.42804e-07,2.33504e-08,                 1
1862,9.33857e-07,2.31288e-08,                 1
1863,9.33024e-07,2.31082e-08,                 1
1864,9.27848e-07,2.298e-08,                 1
1865,9.2664e-07,2.29501e-08,                 1
1866,9.2657e-07,2.29484e-08,                 1
1867,9.2541e-07,2.29196e-08,                 1
1868,9.18817e-07,2.27563e-08,                 1
1869,9.18523e-07,2.27491e-08,                 1
1870,9.11553e-07,2.25764e-08,                 1
1871,9.07185e-07,2.24683e-08,                 1
1872,8.99875e-07,2.22872e-08,                 1
1873,8.99364e-07,2.22745e-08,                 1
1874,8.95937e-07,2.21897e-08,                 1
1875,8.92063e-07,2.20937e-08,                 1
1876,8.91343e-07,2.20759e-08,                 1
1877,8.84834e-07,2.19147e-08,                 1
1878,8.76742e-07,2.17143e-08,                 1
1879,8.75584e-07,2.16856e-08,                 1
1880,8.69687e-07,2.15395e-08,                 1
1881,8.68831e-07,2.15183e-08,                 1
1882,8.64553e-07,2.14124e-08,                 1
1883,8.61579e-07,2.13387e-08,                 1
1884,8.60728e-07,2.13177e-08,                 1
1885,8.60279e-07,2.13065e-08,                 1
1886,8.4653e-07,2.0966e-08,                 1
1887,8.38942e-07,2.07781e-08,                 1
1888,8.3874e-07,2.07731e-08,                 1
1889,8.33811e-07,2.0651e-08,                 1
1890,8.2849e-07,2.05192e-08,                 1
1891,8.17914e-07,2.02573e-08,                 1
1892,8.17045e-07,2.02358e-08,                 1
1893,8.16402e-07,2.02198e-08,                 1
1894,8.12995e-07,2.01355e-08,                 1
1895,8.06781e-07,1.99815e-08,                 1
1896,8.06023e-07,1.99628e-08,                 1
1897,8.01474e-07,1.98501e-08,                 1
1898,8.00945e-07,1.9837e-08,                 1
1899,7.85009e-07,1.94423e-08,                 1
1900,7.77133e-07,1.92473e-08,                 1
1901,7.72508e-07,1.91327e-08,                 1
1902,7.63076e-07,1.88991e-08,                 1
1903,7.60305e-07,1.88305e-08,                 1
1904,7.59165e-07,1.88022e-08,                 1
1905,7.5564e-07,1.87149e-08,                 1
1906,7.5377e-07,1.86686e-08,                 1
1907,7.44664e-07,1.84431e-08,                 1
1908,7.43954e-07,1.84255e-08,                 1
1909,7.39593e-07,1.83175e-08,                 1
1910,7.37781e-07,1.82726e-08,                 1
1911,7.35384e-07,1.82133e-08,                 1
1912,7.33617e-07,1.81695e-08,                 1
1913,7.33473e-07,1.81659e-08,                 1
1914,7.23673e-07,1.79232e-08,                 1
1915,7.18208e-07,1.77879e-08,                 1
1916,7.18069e-07,1.77844e-08,                 1
1917,7.17535e-07,1.77712e-08,                 1
1918,7.1512e-07,1.77114e-08,                 1
1919,7.14425e-07,1.76942e-08,                 1
1920,7.07031e-07,1.7511e-08,                 1
1921,7.06889e-07,1.75075e-08,                 1
1922,7.02848e-07,1.74074e-08,                 1
1923,7.00408e-07,1.7347e-08,                 1
1924,7.00019e-07,1.73374e-08,                 1
1925,6.92778e-07,1.7158e-08,                 1
1926,6.88421e-07,1.70501e-08,                 1
1927,6.83347e-07,1.69244e-08,                 1
1928,6.82746e-07,1.69096e-08,                 1
1929,6.81962e-07,1.68902e-08,                 1
1930,6.75908e-07,1.67402e-08,                 1
1931,6.6662e-07,1.65102e-08,                 1
1932,6.66499e-07,1.65072e-08,                 1
1933,6.58487e-07,1.63087e-08,                 1
1934,6.53803e-07,1.61927e-08,                 1
1935,6.50674e-07,1.61152e-08,                 1
1936,6.4441e-07,1.59601e-08,                 1
1937,6.43854e-07,1.59463e-08,                 1
1938,6.38511e-07,1.5814e-08,                 1
1939,6.33653e-07,1.56937e-08,                 1
1940,6.31125e-07,1.56311e-08,                 1
1941,6.23652e-07,1.5446e-08,                 1
1942,6.23625e-07,1.54453e-08,                 1
1943,6.22761e-07,1.54239e-08,                 1
1944,6.18533e-07,1.53192e-08,                 1
1945,6.18072e-07,1.53078e-08,                 1
1946,6.08374e-07,1.50676e-08,                 1
1947,6.02799e-07,1.49295e-08,                 1
1948,5.96775e-07,1.47803e-08,                 1
1949,5.93309e-07,1.46945e-08,                 1
1950,5.89027e-07,1.45884e-08,                 1
1951,5.85945e-07,1.45121e-08,                 1
1952,5.85855e-07,1.45099e-08,                 1
1953,5.79986e-07,1.43645e-08,                 1
1954,5.77017e-07,1.4291e-08,                 1
1955,5.74779e-07,1.42355e-08,                 1
1956,5.73035e-07,1.41924e-08,                 1
1957,5.72618e-07,1.4182e-08,                 1
1958,5.66708e-07,1.40357e-08,                 1
1959,5.65406e-07,1.40034e-08,                 1
1960,5.58832e-07,1.38406e-08,                 1
1961,5.51613e-07,1.36618e-08,                 1
1962,5.44782e-07,1.34926e-08,                 1
1963,5.4375e-07,1.34671e-08,                 1
1964,5.33368e-07,1.32099e-08,                 1
1965,5.32551e-07,1.31897e-08,                 1
1966,5.21961e-07,1.29274e-08,                 1
1967,5.21021e-07,1.29041e-08,                 1
1968,5.17074e-07,1.28064e-08,                 1
1969,5.16913e-07,1.28024e-08,                 1
1970,5.11576e-07,1.26702e-08,                 1
1971,5.09813e-07,1.26265e-08,                 1
1972,5.08997e-07,1.26063e-08,                 1
1973,5.0832e-07,1.25896e-08,                 1
1974,5.08182e-07,1.25862e-08,                 1
1975,5.03769e-07,1.24768e-08,                 1
1976,5.03481e-07,1.24697e-08,                 1
1977,4.97784e-07,1.23286e-08,                 1
1978,4.95442e-07,1.22706e-08,                 1
1979,4.95097e-07,1.22621e-08,                 1
1980,4.866e-07,1.20516e-08,                 1
1981,4.82006e-07,1.19378e-08,                 1
1982,4.77801e-07,1.18337e-08,                 1
1983,4.73744e-07,1.17332e-08,                 1
1984,4.71323e-07,1.16733e-08,                 1
1985,4.7031e-07,1.16482e-08,                 1
1986,4.69417e-07,1.1626e-08,                 1
1987,4.64382e-07,1.15013e-08,                 1
1988,4.50721e-07,1.1163e-08,                 1
1989,4.44161e-07,1.10005e-08,                 1
1990,4.39753e-07,1.08914e-08,                 1
1991,4.33651e-07,1.07402e-08,                 1
1992,4.29661e-07,1.06414e-08,                 1
1993,4.26354e-07,1.05595e-08,                 1
1994,4.22608e-07,1.04667e-08,                 1
1995,4.0962e-07,1.01451e-08,                 1
1996,4.03886e-07,1.00031e-08,                 1
1997,4.02978e-07,9.98055e-09,                 1
1998,3.96396e-07,9.81754e-09,                 1
