# index, s_values, normalised s_values, cumulative energy 
0,94.5385,1,      0.7894344538
1,34.5135,0.365074,      0.8946492867
2,30.5757,0.32342,      0.9772247717
3,6.96235,0.0736457,      0.9815064216
4,5.91322,0.0625483,      0.9845949202
5,5.46066,0.0577613,      0.9872287634
6,5.30333,0.056097,      0.9897130155
7,4.35982,0.0461169,      0.9913919568
8,3.44939,0.0364867,      0.9924429119
9,3.12954,0.0331033,      0.9933079992
10,2.7865,0.0294748,      0.9939938299
11,2.62981,0.0278173,      0.9946046963
12,2.13051,0.0225359,      0.9950056254
13,2.06319,0.0218238,       0.995381616
14,1.99694,0.021123,      0.9957338471
15,1.96315,0.0207656,      0.9960742587
16,1.86048,0.0196796,      0.9963799948
17,1.7726,0.01875,       0.996657531
18,1.67761,0.0177453,      0.9969061197
19,1.6355,0.0172999,      0.9971423855
20,1.57014,0.0166085,      0.9973601444
21,1.45629,0.0154042,      0.9975474678
22,1.40018,0.0148107,       0.997720636
23,1.31616,0.013922,      0.9978736451
24,1.28613,0.0136043,      0.9980197522
25,1.25265,0.0132502,      0.9981583506
26,1.18404,0.0125244,      0.9982821824
27,1.12233,0.0118716,      0.9983934417
28,1.05354,0.0111441,      0.9984914815
29,1.04376,0.0110406,      0.9985877097
30,1.02568,0.0108493,       0.998680632
31,0.986064,0.0104303,      0.9987665154
32,0.951295,0.0100625,      0.9988464491
33,0.908308,0.00960782,      0.9989193219
34,0.889358,0.00940737,      0.9989891858
35,0.856386,0.0090586,      0.9990539655
36,0.794677,0.00840586,      0.9991097457
37,0.749359,0.0079265,      0.9991593454
38,0.731253,0.00773498,      0.9992065773
39,0.684595,0.00724144,       0.999247974
40,0.679659,0.00718923,       0.999288776
41,0.654006,0.00691788,      0.9993265561
42,0.603732,0.0063861,       0.999358751
43,0.59597,0.00630399,      0.9993901233
44,0.574735,0.00607938,      0.9994192999
45,0.544732,0.00576202,      0.9994455098
46,0.529386,0.00559968,      0.9994702637
47,0.517985,0.0054791,      0.9994939629
48,0.509106,0.00538517,      0.9995168565
49,0.485475,0.00513521,      0.9995376742
50,0.473624,0.00500986,      0.9995574879
51,0.46543,0.00492318,       0.999576622
52,0.461594,0.0048826,       0.999595442
53,0.457713,0.00484155,      0.9996139468
54,0.442581,0.00468149,      0.9996312483
55,0.439401,0.00464785,      0.9996483021
56,0.428668,0.00453432,       0.999664533
57,0.422617,0.00447031,      0.9996803088
58,0.413527,0.00437417,      0.9996954134
59,0.395446,0.00418291,      0.9997092259
60,0.385175,0.00407427,      0.9997223302
61,0.37127,0.00392719,      0.9997345055
62,0.36171,0.00382606,      0.9997460618
63,0.350881,0.00371151,      0.9997569365
64,0.347406,0.00367476,      0.9997675969
65,0.342689,0.00362487,      0.9997779698
66,0.334665,0.00353998,      0.9997878626
67,0.333758,0.0035304,      0.9997977019
68,0.324832,0.00343598,      0.9998070219
69,0.319377,0.00337828,      0.9998160315
70,0.313221,0.00331316,      0.9998246971
71,0.297473,0.00314658,      0.9998325133
72,0.288456,0.00305121,      0.9998398629
73,0.280567,0.00296776,      0.9998468159
74,0.271628,0.0028732,      0.9998533329
75,0.267675,0.00283139,      0.9998596616
76,0.263286,0.00278496,      0.9998657845
77,0.252723,0.00267323,      0.9998714259
78,0.244438,0.00258559,      0.9998767035
79,0.240408,0.00254296,      0.9998818085
80,0.235534,0.00249141,      0.9998867086
81,0.228837,0.00242057,       0.999891334
82,0.219985,0.00232694,      0.9998956085
83,0.217456,0.00230019,      0.9998997853
84,0.204771,0.00216601,       0.999903489
85,0.200767,0.00212366,      0.9999070493
86,0.198711,0.0021019,       0.999910537
87,0.19523,0.00206509,      0.9999139036
88,0.19018,0.00201167,      0.9999170983
89,0.189006,0.00199925,      0.9999202537
90,0.18721,0.00198025,      0.9999233494
91,0.182521,0.00193066,      0.9999262919
92,0.181509,0.00191995,       0.999929202
93,0.178115,0.00188405,      0.9999320042
94,0.172153,0.00182099,      0.9999346219
95,0.167403,0.00177074,      0.9999370972
96,0.165082,0.00174619,      0.9999395044
97,0.162103,0.00171468,      0.9999418254
98,0.158793,0.00167966,      0.9999440526
99,0.155419,0.00164397,      0.9999461862
100,0.150761,0.00159471,      0.9999481938
101,0.146495,0.00154958,      0.9999500894
102,0.145233,0.00153623,      0.9999519524
103,0.143191,0.00151464,      0.9999537635
104,0.139795,0.00147871,      0.9999554897
105,0.136433,0.00144315,      0.9999571338
106,0.133919,0.00141656,      0.9999587179
107,0.130677,0.00138226,      0.9999602262
108,0.128135,0.00135538,      0.9999616765
109,0.1267,0.0013402,      0.9999630944
110,0.122351,0.0012942,      0.9999644167
111,0.118428,0.0012527,      0.9999656555
112,0.114877,0.00121514,      0.9999668211
113,0.113477,0.00120033,      0.9999679585
114,0.111919,0.00118385,      0.9999690649
115,0.111505,0.00117946,      0.9999701631
116,0.110844,0.00117247,      0.9999712483
117,0.108095,0.0011434,      0.9999722804
118,0.10572,0.00111827,      0.9999732676
119,0.104116,0.00110131,      0.9999742251
120,0.103106,0.00109062,      0.9999751641
121,0.100905,0.00106735,      0.9999760635
122,0.09846,0.00104148,      0.9999769198
123,0.0956174,0.00101141,      0.9999777273
124,0.0938309,0.000992516,       0.999978505
125,0.0903127,0.000955302,      0.9999792254
126,0.090014,0.000952141,      0.9999799411
127,0.0875807,0.000926403,      0.9999806186
128,0.0821603,0.000869067,      0.9999812148
129,0.080129,0.000847581,       0.999981782
130,0.0797055,0.000843101,      0.9999823431
131,0.0786945,0.000832408,      0.9999828901
132,0.0776128,0.000820965,      0.9999834222
133,0.0773487,0.000818172,      0.9999839506
134,0.0758923,0.000802766,      0.9999844594
135,0.0749587,0.000792891,      0.9999849557
136,0.0742712,0.000785619,      0.9999854429
137,0.0733239,0.000775599,      0.9999859178
138,0.071286,0.000754042,      0.9999863667
139,0.0697712,0.000738019,      0.9999867966
140,0.0690849,0.000730759,      0.9999872182
141,0.0676658,0.000715749,      0.9999876226
142,0.0672158,0.000710989,      0.9999880217
143,0.0644948,0.000682207,      0.9999883891
144,0.0625596,0.000661737,      0.9999887348
145,0.0612654,0.000648047,      0.9999890663
146,0.0606371,0.000641402,      0.9999893911
147,0.0602861,0.000637688,      0.9999897121
148,0.0596918,0.000631402,      0.9999900268
149,0.0585757,0.000619596,      0.9999903299
150,0.0574986,0.000608203,      0.9999906219
151,0.0569396,0.000602291,      0.9999909083
152,0.055862,0.000590892,      0.9999911839
153,0.054243,0.000573766,      0.9999914438
154,0.0521507,0.000551635,       0.999991684
155,0.0511805,0.000541372,      0.9999919154
156,0.0506133,0.000535372,      0.9999921417
157,0.0500995,0.000529938,      0.9999923634
158,0.0493207,0.0005217,      0.9999925782
159,0.0488798,0.000517036,      0.9999927893
160,0.048176,0.000509591,      0.9999929943
161,0.0475877,0.000503368,      0.9999931943
162,0.0466271,0.000493208,      0.9999933863
163,0.0462645,0.000489372,      0.9999935754
164,0.0449361,0.000475321,      0.9999937538
165,0.0440517,0.000465966,      0.9999939252
166,0.0434768,0.000459885,      0.9999940921
167,0.0430217,0.000455071,      0.9999942556
168,0.0428998,0.000453781,      0.9999944182
169,0.0424512,0.000449036,      0.9999945773
170,0.0418624,0.000442809,      0.9999947321
171,0.0412548,0.000436381,      0.9999948825
172,0.0408022,0.000431593,      0.9999950295
173,0.0403419,0.000426725,      0.9999951733
174,0.039544,0.000418284,      0.9999953114
175,0.0387958,0.000410371,      0.9999954443
176,0.0377292,0.000399089,      0.9999955701
177,0.0375126,0.000396797,      0.9999956944
178,0.0373552,0.000395132,      0.9999958176
179,0.0359017,0.000379757,      0.9999959315
180,0.0356363,0.00037695,      0.9999960436
181,0.0344544,0.000364449,      0.9999961485
182,0.0338095,0.000357627,      0.9999962495
183,0.0331774,0.000350941,      0.9999963467
184,0.0328109,0.000347064,      0.9999964418
185,0.0322639,0.000341278,      0.9999965337
186,0.0318278,0.000336665,      0.9999966232
187,0.0313345,0.000331448,      0.9999967099
188,0.0308247,0.000326055,      0.9999967938
189,0.0298914,0.000316183,      0.9999968728
190,0.0294071,0.000311059,      0.9999969492
191,0.0292696,0.000309605,      0.9999970248
192,0.0286038,0.000302563,      0.9999970971
193,0.0280992,0.000297225,      0.9999971668
194,0.0280425,0.000296625,      0.9999972363
195,0.0277166,0.000293178,      0.9999973041
196,0.0269768,0.000285353,      0.9999973684
197,0.0268005,0.000283488,      0.9999974319
198,0.0264753,0.000280048,      0.9999974938
199,0.0259295,0.000274274,      0.9999975532
200,0.0257471,0.000272345,      0.9999976117
201,0.0255334,0.000270085,      0.9999976693
202,0.0253598,0.000268249,      0.9999977261
203,0.0249836,0.000264269,      0.9999977812
204,0.0245691,0.000259884,      0.9999978346
205,0.0243718,0.000257798,       0.999997887
206,0.0239913,0.000253773,      0.9999979379
207,0.023792,0.000251665,      0.9999979879
208,0.0232947,0.000246404,      0.9999980358
209,0.0229181,0.000242421,      0.9999980822
210,0.0226334,0.000239409,      0.9999981274
211,0.022256,0.000235417,      0.9999981712
212,0.0220622,0.000233367,      0.9999982142
213,0.0219042,0.000231696,      0.9999982566
214,0.0215917,0.000228391,      0.9999982977
215,0.0212579,0.000224859,      0.9999983377
216,0.0209632,0.000221742,      0.9999983765
217,0.0205125,0.000216975,      0.9999984136
218,0.0204073,0.000215862,      0.9999984504
219,0.0200768,0.000212367,       0.999998486
220,0.0196414,0.000207761,      0.9999985201
221,0.0194137,0.000205353,      0.9999985534
222,0.0191989,0.000203081,       0.999998586
223,0.0190671,0.000201686,      0.9999986181
224,0.018866,0.000199559,      0.9999986495
225,0.0187224,0.00019804,      0.9999986805
226,0.0183699,0.000194312,      0.9999987103
227,0.0181528,0.000192015,      0.9999987394
228,0.0180361,0.00019078,      0.9999987681
229,0.0177006,0.000187232,      0.9999987958
230,0.017448,0.00018456,      0.9999988227
231,0.0172792,0.000182774,       0.999998849
232,0.0170919,0.000180793,      0.9999988749
233,0.0168954,0.000178714,      0.9999989001
234,0.0166208,0.00017581,      0.9999989245
235,0.0164209,0.000173696,      0.9999989483
236,0.0163396,0.000172836,      0.9999989719
237,0.0162729,0.00017213,      0.9999989953
238,0.0158551,0.000167711,      0.9999990175
239,0.0157581,0.000166685,      0.9999990394
240,0.0156656,0.000165706,      0.9999990611
241,0.0155645,0.000164637,      0.9999990825
242,0.015404,0.000162939,      0.9999991034
243,0.0148166,0.000156726,      0.9999991228
244,0.0145817,0.000154241,      0.9999991416
245,0.0144549,0.000152899,      0.9999991601
246,0.014338,0.000151663,      0.9999991782
247,0.0142863,0.000151116,      0.9999991962
248,0.0140936,0.000149078,      0.9999992138
249,0.0138518,0.00014652,      0.9999992307
250,0.0135113,0.000142919,      0.9999992469
251,0.0134196,0.000141948,      0.9999992628
252,0.0132843,0.000140517,      0.9999992783
253,0.0131203,0.000138782,      0.9999992936
254,0.0128193,0.000135598,      0.9999993081
255,0.0127194,0.000134542,      0.9999993224
256,0.0126261,0.000133555,      0.9999993364
257,0.0124459,0.000131649,      0.9999993501
258,0.012297,0.000130074,      0.9999993635
259,0.0120298,0.000127248,      0.9999993763
260,0.0118746,0.000125606,      0.9999993887
261,0.0118172,0.000124998,      0.9999994011
262,0.0117057,0.00012382,      0.9999994132
263,0.0116035,0.000122738,       0.999999425
264,0.0114644,0.000121267,      0.9999994367
265,0.0114218,0.000120817,      0.9999994482
266,0.0113501,0.000120058,      0.9999994596
267,0.011212,0.000118597,      0.9999994707
268,0.0110059,0.000116417,      0.9999994814
269,0.0109036,0.000115335,      0.9999994919
270,0.0108426,0.00011469,      0.9999995022
271,0.010804,0.000114281,      0.9999995126
272,0.0106978,0.000113158,      0.9999995227
273,0.0105888,0.000112005,      0.9999995326
274,0.0105683,0.000111788,      0.9999995424
275,0.0104205,0.000110225,       0.999999552
276,0.010332,0.000109288,      0.9999995615
277,0.0102577,0.000108503,      0.9999995707
278,0.0101842,0.000107726,      0.9999995799
279,0.010065,0.000106464,      0.9999995889
280,0.0100388,0.000106188,      0.9999995978
281,0.00986711,0.000104371,      0.9999996064
282,0.00981692,0.00010384,      0.9999996149
283,0.00965521,0.00010213,      0.9999996231
284,0.00959683,0.000101512,      0.9999996312
285,0.00944919,9.99508e-05,      0.9999996391
286,0.00929347,9.83036e-05,      0.9999996468
287,0.00920927,9.74129e-05,      0.9999996542
288,0.0091176,9.64433e-05,      0.9999996616
289,0.00897633,9.4949e-05,      0.9999996687
290,0.00886904,9.38141e-05,      0.9999996757
291,0.00863679,9.13574e-05,      0.9999996822
292,0.00853542,9.02851e-05,      0.9999996887
293,0.00840731,8.89301e-05,      0.9999996949
294,0.00834419,8.82624e-05,      0.9999997011
295,0.00833003,8.81126e-05,      0.9999997072
296,0.00819476,8.66817e-05,      0.9999997131
297,0.00809317,8.56071e-05,      0.9999997189
298,0.00805483,8.52016e-05,      0.9999997246
299,0.0079772,8.43805e-05,      0.9999997303
300,0.00789984,8.35621e-05,      0.9999997358
301,0.00780255,8.25331e-05,      0.9999997412
302,0.00772922,8.17574e-05,      0.9999997464
303,0.00765561,8.09788e-05,      0.9999997516
304,0.00753999,7.97558e-05,      0.9999997566
305,0.00750927,7.94309e-05,      0.9999997616
306,0.00734168,7.76581e-05,      0.9999997664
307,0.00730936,7.73162e-05,      0.9999997711
308,0.00721305,7.62975e-05,      0.9999997757
309,0.00713389,7.54602e-05,      0.9999997802
310,0.00700157,7.40605e-05,      0.9999997845
311,0.00699283,7.39681e-05,      0.9999997888
312,0.00686556,7.26218e-05,       0.999999793
313,0.00679452,7.18704e-05,      0.9999997971
314,0.00670322,7.09047e-05,       0.999999801
315,0.00668098,7.06695e-05,       0.999999805
316,0.00666401,7.04899e-05,      0.9999998089
317,0.00654273,6.9207e-05,      0.9999998127
318,0.00650896,6.88499e-05,      0.9999998164
319,0.00644973,6.82234e-05,      0.9999998201
320,0.006323,6.68828e-05,      0.9999998236
321,0.00626798,6.63008e-05,      0.9999998271
322,0.00615144,6.50682e-05,      0.9999998305
323,0.00609762,6.44989e-05,      0.9999998337
324,0.00609037,6.44221e-05,       0.999999837
325,0.0059587,6.30293e-05,      0.9999998401
326,0.00592735,6.26978e-05,      0.9999998433
327,0.00588695,6.22704e-05,      0.9999998463
328,0.00584232,6.17984e-05,      0.9999998493
329,0.00579338,6.12806e-05,      0.9999998523
330,0.00577267,6.10616e-05,      0.9999998552
331,0.00571689,6.04716e-05,      0.9999998581
332,0.00566855,5.99602e-05,       0.999999861
333,0.00553472,5.85446e-05,      0.9999998637
334,0.0054235,5.73682e-05,      0.9999998663
335,0.00538057,5.69141e-05,      0.9999998688
336,0.00534129,5.64986e-05,      0.9999998713
337,0.00530554,5.61205e-05,      0.9999998738
338,0.00518316,5.48259e-05,      0.9999998762
339,0.00512882,5.42511e-05,      0.9999998785
340,0.00508026,5.37375e-05,      0.9999998808
341,0.00504332,5.33468e-05,       0.999999883
342,0.0049875,5.27563e-05,      0.9999998852
343,0.00490439,5.18772e-05,      0.9999998874
344,0.00486746,5.14865e-05,      0.9999998895
345,0.00485636,5.13691e-05,      0.9999998915
346,0.00482573,5.10451e-05,      0.9999998936
347,0.00478538,5.06183e-05,      0.9999998956
348,0.00471579,4.98823e-05,      0.9999998976
349,0.00465644,4.92544e-05,      0.9999998995
350,0.00462413,4.89127e-05,      0.9999999014
351,0.00459988,4.86561e-05,      0.9999999033
352,0.00456464,4.82834e-05,      0.9999999051
353,0.00453482,4.7968e-05,      0.9999999069
354,0.00445417,4.71149e-05,      0.9999999087
355,0.00440459,4.65904e-05,      0.9999999104
356,0.00438054,4.63361e-05,      0.9999999121
357,0.00430286,4.55144e-05,      0.9999999137
358,0.00429004,4.53788e-05,      0.9999999153
359,0.0042103,4.45353e-05,      0.9999999169
360,0.00419763,4.44013e-05,      0.9999999185
361,0.00414909,4.38879e-05,        0.99999992
362,0.00406559,4.30046e-05,      0.9999999214
363,0.00402235,4.25472e-05,      0.9999999229
364,0.00395743,4.18605e-05,      0.9999999243
365,0.00394013,4.16775e-05,      0.9999999256
366,0.00391375,4.13985e-05,       0.999999927
367,0.00388475,4.10917e-05,      0.9999999283
368,0.00384794,4.07024e-05,      0.9999999296
369,0.00382715,4.04824e-05,      0.9999999309
370,0.00374028,3.95636e-05,      0.9999999322
371,0.00372318,3.93827e-05,      0.9999999334
372,0.00371566,3.93032e-05,      0.9999999346
373,0.00369076,3.90398e-05,      0.9999999358
374,0.00366713,3.87898e-05,       0.999999937
375,0.00363529,3.8453e-05,      0.9999999382
376,0.00362223,3.83149e-05,      0.9999999393
377,0.0035931,3.80068e-05,      0.9999999405
378,0.00355023,3.75533e-05,      0.9999999416
379,0.00353445,3.73864e-05,      0.9999999427
380,0.0034849,3.68622e-05,      0.9999999437
381,0.00346858,3.66896e-05,      0.9999999448
382,0.00343889,3.63756e-05,      0.9999999459
383,0.00341427,3.61151e-05,      0.9999999469
384,0.00333954,3.53247e-05,      0.9999999479
385,0.00330045,3.49112e-05,      0.9999999488
386,0.00328358,3.47327e-05,      0.9999999498
387,0.00326961,3.4585e-05,      0.9999999507
388,0.00324201,3.42931e-05,      0.9999999517
389,0.00322617,3.41254e-05,      0.9999999526
390,0.00320619,3.39142e-05,      0.9999999535
391,0.00314524,3.32694e-05,      0.9999999544
392,0.00312187,3.30222e-05,      0.9999999552
393,0.00310191,3.28111e-05,      0.9999999561
394,0.00305026,3.22648e-05,      0.9999999569
395,0.00300541,3.17904e-05,      0.9999999577
396,0.00298079,3.15299e-05,      0.9999999585
397,0.00295822,3.12912e-05,      0.9999999592
398,0.00295005,3.12047e-05,        0.99999996
399,0.00291071,3.07887e-05,      0.9999999608
400,0.00286305,3.02845e-05,      0.9999999615
401,0.00285907,3.02424e-05,      0.9999999622
402,0.0028177,2.98048e-05,      0.9999999629
403,0.00279334,2.95471e-05,      0.9999999636
404,0.00277839,2.9389e-05,      0.9999999643
405,0.00274962,2.90847e-05,      0.9999999649
406,0.00273653,2.89462e-05,      0.9999999656
407,0.00265721,2.81072e-05,      0.9999999662
408,0.00262396,2.77555e-05,      0.9999999668
409,0.00261093,2.76176e-05,      0.9999999674
410,0.00259803,2.74812e-05,       0.999999968
411,0.00255315,2.70064e-05,      0.9999999686
412,0.00252489,2.67075e-05,      0.9999999692
413,0.00251405,2.65929e-05,      0.9999999697
414,0.00248822,2.63197e-05,      0.9999999703
415,0.00248266,2.62608e-05,      0.9999999708
416,0.00245676,2.59869e-05,      0.9999999714
417,0.00244164,2.58269e-05,      0.9999999719
418,0.00240891,2.54808e-05,      0.9999999724
419,0.00239124,2.52939e-05,      0.9999999729
420,0.00238153,2.51912e-05,      0.9999999734
421,0.00235313,2.48908e-05,      0.9999999739
422,0.00230475,2.43789e-05,      0.9999999744
423,0.00229846,2.43124e-05,      0.9999999748
424,0.00226484,2.39568e-05,      0.9999999753
425,0.00225372,2.38392e-05,      0.9999999757
426,0.00224858,2.37848e-05,      0.9999999762
427,0.00221553,2.34353e-05,      0.9999999766
428,0.00220636,2.33383e-05,       0.999999977
429,0.00219005,2.31657e-05,      0.9999999775
430,0.00217422,2.29982e-05,      0.9999999779
431,0.00213557,2.25894e-05,      0.9999999783
432,0.00212524,2.24802e-05,      0.9999999787
433,0.00210655,2.22824e-05,      0.9999999791
434,0.0020964,2.21751e-05,      0.9999999795
435,0.00208263,2.20295e-05,      0.9999999798
436,0.00207425,2.19408e-05,      0.9999999802
437,0.00202461,2.14158e-05,      0.9999999806
438,0.00200785,2.12385e-05,      0.9999999809
439,0.00200292,2.11863e-05,      0.9999999813
440,0.00197274,2.08671e-05,      0.9999999816
441,0.00193782,2.04977e-05,       0.999999982
442,0.00192784,2.03921e-05,      0.9999999823
443,0.00191786,2.02865e-05,      0.9999999826
444,0.00190621,2.01634e-05,      0.9999999829
445,0.00187876,1.9873e-05,      0.9999999833
446,0.00186482,1.97255e-05,      0.9999999836
447,0.00185375,1.96085e-05,      0.9999999839
448,0.001833,1.93889e-05,      0.9999999842
449,0.00180638,1.91073e-05,      0.9999999845
450,0.00178053,1.88339e-05,      0.9999999847
451,0.00177707,1.87973e-05,       0.999999985
452,0.00176866,1.87083e-05,      0.9999999853
453,0.00175972,1.86138e-05,      0.9999999856
454,0.00172981,1.82974e-05,      0.9999999858
455,0.00172353,1.8231e-05,      0.9999999861
456,0.00169295,1.79075e-05,      0.9999999863
457,0.00166035,1.75627e-05,      0.9999999866
458,0.00165976,1.75564e-05,      0.9999999868
459,0.00163704,1.73161e-05,      0.9999999871
460,0.00163172,1.72599e-05,      0.9999999873
461,0.00161573,1.70907e-05,      0.9999999875
462,0.00160443,1.69711e-05,      0.9999999878
463,0.00158289,1.67433e-05,       0.999999988
464,0.00156778,1.65836e-05,      0.9999999882
465,0.00154969,1.63922e-05,      0.9999999884
466,0.00153641,1.62517e-05,      0.9999999886
467,0.00152156,1.60946e-05,      0.9999999888
468,0.00150109,1.58781e-05,       0.999999989
469,0.00149466,1.581e-05,      0.9999999892
470,0.00148269,1.56834e-05,      0.9999999894
471,0.00147444,1.55962e-05,      0.9999999896
472,0.0014567,1.54085e-05,      0.9999999898
473,0.00144218,1.52549e-05,        0.99999999
474,0.00143224,1.51498e-05,      0.9999999902
475,0.00142575,1.50811e-05,      0.9999999903
476,0.00141922,1.5012e-05,      0.9999999905
477,0.00140603,1.48725e-05,      0.9999999907
478,0.00139674,1.47744e-05,      0.9999999909
479,0.00137658,1.45611e-05,       0.999999991
480,0.00136818,1.44722e-05,      0.9999999912
481,0.00136035,1.43894e-05,      0.9999999914
482,0.00135233,1.43045e-05,      0.9999999915
483,0.0013282,1.40493e-05,      0.9999999917
484,0.00132063,1.39692e-05,      0.9999999918
485,0.00130895,1.38457e-05,       0.999999992
486,0.00129703,1.37196e-05,      0.9999999921
487,0.00128046,1.35443e-05,      0.9999999923
488,0.00126618,1.33933e-05,      0.9999999924
489,0.00125384,1.32627e-05,      0.9999999926
490,0.00123545,1.30682e-05,      0.9999999927
491,0.00122907,1.30007e-05,      0.9999999928
492,0.00121887,1.28929e-05,       0.999999993
493,0.0012093,1.27917e-05,      0.9999999931
494,0.00120093,1.2703e-05,      0.9999999932
495,0.00119134,1.26016e-05,      0.9999999933
496,0.00117849,1.24657e-05,      0.9999999935
497,0.00116736,1.2348e-05,      0.9999999936
498,0.00114956,1.21597e-05,      0.9999999937
499,0.00113357,1.19905e-05,      0.9999999938
500,0.00112438,1.18933e-05,      0.9999999939
501,0.00112061,1.18535e-05,       0.999999994
502,0.00111097,1.17515e-05,      0.9999999941
503,0.00110171,1.16536e-05,      0.9999999942
504,0.00109781,1.16123e-05,      0.9999999944
505,0.00107246,1.13442e-05,      0.9999999945
506,0.00106371,1.12516e-05,      0.9999999946
507,0.00105321,1.11406e-05,      0.9999999947
508,0.00104755,1.10807e-05,      0.9999999948
509,0.0010408,1.10093e-05,      0.9999999948
510,0.00103473,1.09451e-05,      0.9999999949
511,0.00102768,1.08704e-05,       0.999999995
512,0.00101519,1.07384e-05,      0.9999999951
513,0.00101221,1.07069e-05,      0.9999999952
514,0.000993932,1.05135e-05,      0.9999999953
515,0.0009778,1.03429e-05,      0.9999999954
516,0.000967523,1.02342e-05,      0.9999999955
517,0.000958792,1.01418e-05,      0.9999999956
518,0.000943903,9.98433e-06,      0.9999999956
519,0.0009327,9.86583e-06,      0.9999999957
520,0.000926516,9.80042e-06,      0.9999999958
521,0.000917172,9.70158e-06,      0.9999999959
522,0.000912808,9.65541e-06,      0.9999999959
523,0.00089947,9.51433e-06,       0.999999996
524,0.000891245,9.42733e-06,      0.9999999961
525,0.000884276,9.35361e-06,      0.9999999961
526,0.000877384,9.28071e-06,      0.9999999962
527,0.000867141,9.17236e-06,      0.9999999963
528,0.000865616,9.15623e-06,      0.9999999963
529,0.000851166,9.00339e-06,      0.9999999964
530,0.000847946,8.96932e-06,      0.9999999965
531,0.000837464,8.85844e-06,      0.9999999965
532,0.000826055,8.73777e-06,      0.9999999966
533,0.000816585,8.63759e-06,      0.9999999967
534,0.000812946,8.59911e-06,      0.9999999967
535,0.000803571,8.49994e-06,      0.9999999968
536,0.000794266,8.40151e-06,      0.9999999968
537,0.000791407,8.37127e-06,      0.9999999969
538,0.000782376,8.27575e-06,      0.9999999969
539,0.000778031,8.22979e-06,       0.999999997
540,0.000767103,8.11419e-06,       0.999999997
541,0.000763634,8.07749e-06,      0.9999999971
542,0.000752442,7.95911e-06,      0.9999999971
543,0.000749625,7.92932e-06,      0.9999999972
544,0.000739718,7.82452e-06,      0.9999999972
545,0.000733433,7.75804e-06,      0.9999999973
546,0.000728826,7.7093e-06,      0.9999999973
547,0.00072446,7.66313e-06,      0.9999999974
548,0.000719995,7.6159e-06,      0.9999999974
549,0.000713833,7.55072e-06,      0.9999999975
550,0.00070592,7.46701e-06,      0.9999999975
551,0.000696289,7.36514e-06,      0.9999999976
552,0.000693539,7.33606e-06,      0.9999999976
553,0.000689415,7.29243e-06,      0.9999999976
554,0.000677605,7.16751e-06,      0.9999999977
555,0.000673176,7.12066e-06,      0.9999999977
556,0.000670791,7.09543e-06,      0.9999999978
557,0.000661763,6.99993e-06,      0.9999999978
558,0.000659412,6.97507e-06,      0.9999999978
559,0.000655108,6.92954e-06,      0.9999999979
560,0.00065149,6.89127e-06,      0.9999999979
561,0.000642328,6.79436e-06,       0.999999998
562,0.000637575,6.74408e-06,       0.999999998
563,0.00063599,6.72731e-06,       0.999999998
564,0.000628417,6.64721e-06,      0.9999999981
565,0.000616974,6.52617e-06,      0.9999999981
566,0.000612597,6.47987e-06,      0.9999999981
567,0.000611806,6.47151e-06,      0.9999999982
568,0.000601755,6.36518e-06,      0.9999999982
569,0.000591979,6.26178e-06,      0.9999999982
570,0.000587502,6.21442e-06,      0.9999999982
571,0.000583372,6.17074e-06,      0.9999999983
572,0.000572048,6.05096e-06,      0.9999999983
573,0.000571316,6.04321e-06,      0.9999999983
574,0.000568729,6.01585e-06,      0.9999999984
575,0.000561729,5.94181e-06,      0.9999999984
576,0.000561356,5.93786e-06,      0.9999999984
577,0.00054796,5.79616e-06,      0.9999999984
578,0.000542479,5.73818e-06,      0.9999999985
579,0.000537495,5.68546e-06,      0.9999999985
580,0.000530855,5.61522e-06,      0.9999999985
581,0.000529748,5.60352e-06,      0.9999999985
582,0.00052654,5.56958e-06,      0.9999999986
583,0.000523252,5.53481e-06,      0.9999999986
584,0.000519195,5.4919e-06,      0.9999999986
585,0.000518827,5.488e-06,      0.9999999986
586,0.000508782,5.38174e-06,      0.9999999987
587,0.000506992,5.36281e-06,      0.9999999987
588,0.000501288,5.30248e-06,      0.9999999987
589,0.000496218,5.24885e-06,      0.9999999987
590,0.000489728,5.18019e-06,      0.9999999988
591,0.000484712,5.12714e-06,      0.9999999988
592,0.000479249,5.06936e-06,      0.9999999988
593,0.00047883,5.06492e-06,      0.9999999988
594,0.000476755,5.04297e-06,      0.9999999988
595,0.000472214,4.99494e-06,      0.9999999989
596,0.000469254,4.96364e-06,      0.9999999989
597,0.000467855,4.94884e-06,      0.9999999989
598,0.0004635,4.90276e-06,      0.9999999989
599,0.000456897,4.83292e-06,      0.9999999989
600,0.000451275,4.77345e-06,       0.999999999
601,0.000449901,4.75892e-06,       0.999999999
602,0.000448186,4.74078e-06,       0.999999999
603,0.000443878,4.69521e-06,       0.999999999
604,0.000437191,4.62448e-06,       0.999999999
605,0.000434499,4.596e-06,       0.999999999
606,0.000430989,4.55888e-06,      0.9999999991
607,0.000427292,4.51977e-06,      0.9999999991
608,0.000426601,4.51246e-06,      0.9999999991
609,0.000420578,4.44875e-06,      0.9999999991
610,0.000417483,4.41601e-06,      0.9999999991
611,0.000413389,4.3727e-06,      0.9999999991
612,0.00041146,4.3523e-06,      0.9999999991
613,0.000406839,4.30343e-06,      0.9999999992
614,0.000404314,4.27672e-06,      0.9999999992
615,0.000403231,4.26526e-06,      0.9999999992
616,0.000394349,4.17131e-06,      0.9999999992
617,0.000393052,4.15759e-06,      0.9999999992
618,0.000389704,4.12218e-06,      0.9999999992
619,0.000388732,4.11189e-06,      0.9999999992
620,0.000381235,4.03259e-06,      0.9999999993
621,0.000378418,4.00279e-06,      0.9999999993
622,0.000374154,3.95769e-06,      0.9999999993
623,0.000371746,3.93222e-06,      0.9999999993
624,0.000364586,3.85648e-06,      0.9999999993
625,0.000362003,3.82916e-06,      0.9999999993
626,0.000358443,3.79151e-06,      0.9999999993
627,0.000358111,3.78799e-06,      0.9999999993
628,0.000349672,3.69873e-06,      0.9999999994
629,0.000343722,3.63579e-06,      0.9999999994
630,0.000341704,3.61445e-06,      0.9999999994
631,0.000339695,3.59319e-06,      0.9999999994
632,0.000336923,3.56387e-06,      0.9999999994
633,0.000330934,3.50052e-06,      0.9999999994
634,0.000328566,3.47548e-06,      0.9999999994
635,0.00032653,3.45394e-06,      0.9999999994
636,0.000325412,3.44212e-06,      0.9999999994
637,0.000322965,3.41623e-06,      0.9999999994
638,0.000318535,3.36937e-06,      0.9999999994
639,0.00031555,3.33779e-06,      0.9999999995
640,0.000310214,3.28136e-06,      0.9999999995
641,0.000309823,3.27722e-06,      0.9999999995
642,0.000306168,3.23856e-06,      0.9999999995
643,0.000301844,3.19282e-06,      0.9999999995
644,0.000300924,3.18309e-06,      0.9999999995
645,0.000297687,3.14885e-06,      0.9999999995
646,0.000295587,3.12663e-06,      0.9999999995
647,0.000293338,3.10285e-06,      0.9999999995
648,0.00029189,3.08753e-06,      0.9999999995
649,0.000290506,3.07288e-06,      0.9999999995
650,0.000287754,3.04378e-06,      0.9999999995
651,0.000284008,3.00415e-06,      0.9999999996
652,0.000279801,2.95965e-06,      0.9999999996
653,0.00027605,2.91998e-06,      0.9999999996
654,0.000274025,2.89855e-06,      0.9999999996
655,0.00027249,2.88232e-06,      0.9999999996
656,0.000269258,2.84814e-06,      0.9999999996
657,0.000267165,2.82599e-06,      0.9999999996
658,0.000266695,2.82102e-06,      0.9999999996
659,0.000264226,2.7949e-06,      0.9999999996
660,0.000257996,2.72901e-06,      0.9999999996
661,0.000253912,2.68581e-06,      0.9999999996
662,0.000251624,2.6616e-06,      0.9999999996
663,0.000250182,2.64635e-06,      0.9999999996
664,0.000248126,2.6246e-06,      0.9999999996
665,0.000247573,2.61875e-06,      0.9999999996
666,0.000246669,2.60919e-06,      0.9999999996
667,0.00024366,2.57736e-06,      0.9999999996
668,0.000241414,2.5536e-06,      0.9999999997
669,0.000240188,2.54064e-06,      0.9999999997
670,0.000237441,2.51158e-06,      0.9999999997
671,0.000236162,2.49805e-06,      0.9999999997
672,0.000234482,2.48028e-06,      0.9999999997
673,0.000233105,2.46572e-06,      0.9999999997
674,0.000230131,2.43426e-06,      0.9999999997
675,0.000228901,2.42125e-06,      0.9999999997
676,0.000228696,2.41907e-06,      0.9999999997
677,0.00022518,2.38189e-06,      0.9999999997
678,0.000221771,2.34583e-06,      0.9999999997
679,0.000220313,2.33041e-06,      0.9999999997
680,0.000218513,2.31136e-06,      0.9999999997
681,0.000217922,2.30512e-06,      0.9999999997
682,0.000214959,2.27378e-06,      0.9999999997
683,0.000213921,2.2628e-06,      0.9999999997
684,0.000212595,2.24877e-06,      0.9999999997
685,0.000211529,2.23749e-06,      0.9999999997
686,0.000209616,2.21725e-06,      0.9999999997
687,0.000208001,2.20018e-06,      0.9999999997
688,0.000206283,2.182e-06,      0.9999999997
689,0.000205488,2.17359e-06,      0.9999999997
690,0.000204723,2.1655e-06,      0.9999999997
691,0.000200288,2.11859e-06,      0.9999999998
692,0.000199399,2.10918e-06,      0.9999999998
693,0.00019776,2.09185e-06,      0.9999999998
694,0.000196307,2.07648e-06,      0.9999999998
695,0.00019536,2.06646e-06,      0.9999999998
696,0.000194801,2.06055e-06,      0.9999999998
697,0.000191157,2.022e-06,      0.9999999998
698,0.000188439,1.99325e-06,      0.9999999998
699,0.000187428,1.98256e-06,      0.9999999998
700,0.000186198,1.96955e-06,      0.9999999998
701,0.000184735,1.95407e-06,      0.9999999998
702,0.000181823,1.92327e-06,      0.9999999998
703,0.000181238,1.91708e-06,      0.9999999998
704,0.000180596,1.91029e-06,      0.9999999998
705,0.000178923,1.8926e-06,      0.9999999998
706,0.000177139,1.87372e-06,      0.9999999998
707,0.000176442,1.86635e-06,      0.9999999998
708,0.000174793,1.84891e-06,      0.9999999998
709,0.000172482,1.82446e-06,      0.9999999998
710,0.000170586,1.80441e-06,      0.9999999998
711,0.000170005,1.79826e-06,      0.9999999998
712,0.000167727,1.77417e-06,      0.9999999998
713,0.000167123,1.76778e-06,      0.9999999998
714,0.000164449,1.73949e-06,      0.9999999998
715,0.000163731,1.7319e-06,      0.9999999998
716,0.000162765,1.72168e-06,      0.9999999998
717,0.000161656,1.70995e-06,      0.9999999998
718,0.000159937,1.69177e-06,      0.9999999998
719,0.000158042,1.67172e-06,      0.9999999998
720,0.000156957,1.66024e-06,      0.9999999998
721,0.000156138,1.65158e-06,      0.9999999998
722,0.000155248,1.64217e-06,      0.9999999998
723,0.000154448,1.63371e-06,      0.9999999998
724,0.000154219,1.63129e-06,      0.9999999998
725,0.000152021,1.60803e-06,      0.9999999998
726,0.0001516,1.60358e-06,      0.9999999998
727,0.000149504,1.58141e-06,      0.9999999998
728,0.000149192,1.57811e-06,      0.9999999998
729,0.000147045,1.5554e-06,      0.9999999999
730,0.00014582,1.54244e-06,      0.9999999999
731,0.000145609,1.54021e-06,      0.9999999999
732,0.000143798,1.52106e-06,      0.9999999999
733,0.000142964,1.51223e-06,      0.9999999999
734,0.000141666,1.49851e-06,      0.9999999999
735,0.000140972,1.49116e-06,      0.9999999999
736,0.000139746,1.4782e-06,      0.9999999999
737,0.000139589,1.47653e-06,      0.9999999999
738,0.000138771,1.46788e-06,      0.9999999999
739,0.000137158,1.45082e-06,      0.9999999999
740,0.000136673,1.44568e-06,      0.9999999999
741,0.000135047,1.42849e-06,      0.9999999999
742,0.00013443,1.42196e-06,      0.9999999999
743,0.000133189,1.40883e-06,      0.9999999999
744,0.000132087,1.39717e-06,      0.9999999999
745,0.000131367,1.38956e-06,      0.9999999999
746,0.000131214,1.38795e-06,      0.9999999999
747,0.00013018,1.37701e-06,      0.9999999999
748,0.000128535,1.3596e-06,      0.9999999999
749,0.000127669,1.35045e-06,      0.9999999999
750,0.000126519,1.33828e-06,      0.9999999999
751,0.00012568,1.32941e-06,      0.9999999999
752,0.000124526,1.31719e-06,      0.9999999999
753,0.000123885,1.31041e-06,      0.9999999999
754,0.000122711,1.298e-06,      0.9999999999
755,0.000121851,1.2889e-06,      0.9999999999
756,0.000120383,1.27337e-06,      0.9999999999
757,0.000119997,1.2693e-06,      0.9999999999
758,0.000119587,1.26495e-06,      0.9999999999
759,0.00011849,1.25336e-06,      0.9999999999
760,0.000118025,1.24844e-06,      0.9999999999
761,0.000117012,1.23772e-06,      0.9999999999
762,0.000115625,1.22305e-06,      0.9999999999
763,0.000115082,1.2173e-06,      0.9999999999
764,0.000113945,1.20528e-06,      0.9999999999
765,0.000113541,1.201e-06,      0.9999999999
766,0.000113127,1.19662e-06,      0.9999999999
767,0.000111947,1.18414e-06,      0.9999999999
768,0.000111029,1.17444e-06,      0.9999999999
769,0.000110689,1.17084e-06,      0.9999999999
770,0.000109697,1.16034e-06,      0.9999999999
771,0.000108818,1.15105e-06,      0.9999999999
772,0.000108264,1.14519e-06,      0.9999999999
773,0.000107654,1.13873e-06,      0.9999999999
774,0.000106723,1.12888e-06,      0.9999999999
775,0.000106206,1.12342e-06,      0.9999999999
776,0.000104871,1.1093e-06,      0.9999999999
777,0.000104227,1.10248e-06,      0.9999999999
778,0.000103561,1.09543e-06,      0.9999999999
779,0.0001023,1.08209e-06,      0.9999999999
780,0.000101801,1.07682e-06,      0.9999999999
781,0.000100717,1.06535e-06,      0.9999999999
782,9.98015e-05,1.05567e-06,      0.9999999999
783,9.94534e-05,1.05199e-06,      0.9999999999
784,9.87133e-05,1.04416e-06,      0.9999999999
785,9.79659e-05,1.03625e-06,      0.9999999999
786,9.73848e-05,1.03011e-06,      0.9999999999
787,9.719e-05,1.02805e-06,      0.9999999999
788,9.58387e-05,1.01375e-06,      0.9999999999
789,9.48315e-05,1.0031e-06,      0.9999999999
790,9.36652e-05,9.90763e-07,      0.9999999999
791,9.36185e-05,9.90268e-07,      0.9999999999
792,9.29859e-05,9.83578e-07,      0.9999999999
793,9.23697e-05,9.77059e-07,      0.9999999999
794,9.15239e-05,9.68113e-07,      0.9999999999
795,9.0925e-05,9.61778e-07,      0.9999999999
796,9.07306e-05,9.59721e-07,      0.9999999999
797,8.96455e-05,9.48244e-07,      0.9999999999
798,8.94615e-05,9.46298e-07,      0.9999999999
799,8.88107e-05,9.39414e-07,      0.9999999999
800,8.7997e-05,9.30806e-07,      0.9999999999
801,8.73703e-05,9.24177e-07,      0.9999999999
802,8.70349e-05,9.2063e-07,      0.9999999999
803,8.61441e-05,9.11207e-07,      0.9999999999
804,8.59166e-05,9.088e-07,      0.9999999999
805,8.52802e-05,9.02069e-07,      0.9999999999
806,8.49009e-05,8.98056e-07,      0.9999999999
807,8.3517e-05,8.83418e-07,      0.9999999999
808,8.32263e-05,8.80343e-07,      0.9999999999
809,8.27178e-05,8.74965e-07,      0.9999999999
810,8.23579e-05,8.71158e-07,      0.9999999999
811,8.15513e-05,8.62626e-07,      0.9999999999
812,8.14328e-05,8.61372e-07,      0.9999999999
813,8.12039e-05,8.58951e-07,      0.9999999999
814,8.0501e-05,8.51516e-07,      0.9999999999
815,7.99661e-05,8.45858e-07,      0.9999999999
816,7.92561e-05,8.38348e-07,      0.9999999999
817,7.92373e-05,8.38149e-07,      0.9999999999
818,7.79253e-05,8.24271e-07,      0.9999999999
819,7.78161e-05,8.23116e-07,      0.9999999999
820,7.71175e-05,8.15726e-07,      0.9999999999
821,7.68872e-05,8.1329e-07,      0.9999999999
822,7.60797e-05,8.04748e-07,      0.9999999999
823,7.56953e-05,8.00683e-07,      0.9999999999
824,7.56916e-05,8.00643e-07,                 1
825,7.51312e-05,7.94715e-07,                 1
826,7.4945e-05,7.92747e-07,                 1
827,7.46893e-05,7.90041e-07,                 1
828,7.415e-05,7.84337e-07,                 1
829,7.36097e-05,7.78621e-07,                 1
830,7.35377e-05,7.7786e-07,                 1
831,7.26421e-05,7.68387e-07,                 1
832,7.21919e-05,7.63625e-07,                 1
833,7.1465e-05,7.55935e-07,                 1
834,7.11585e-05,7.52694e-07,                 1
835,7.09762e-05,7.50765e-07,                 1
836,7.05598e-05,7.46361e-07,                 1
837,6.95394e-05,7.35568e-07,                 1
838,6.93955e-05,7.34045e-07,                 1
839,6.90277e-05,7.30155e-07,                 1
840,6.84657e-05,7.2421e-07,                 1
841,6.79575e-05,7.18834e-07,                 1
842,6.78001e-05,7.1717e-07,                 1
843,6.75787e-05,7.14828e-07,                 1
844,6.73277e-05,7.12172e-07,                 1
845,6.68027e-05,7.0662e-07,                 1
846,6.64718e-05,7.03119e-07,                 1
847,6.62767e-05,7.01055e-07,                 1
848,6.59799e-05,6.97916e-07,                 1
849,6.53444e-05,6.91194e-07,                 1
850,6.4707e-05,6.84452e-07,                 1
851,6.42674e-05,6.79802e-07,                 1
852,6.42627e-05,6.79752e-07,                 1
853,6.34286e-05,6.70929e-07,                 1
854,6.33793e-05,6.70407e-07,                 1
855,6.26508e-05,6.62702e-07,                 1
856,6.23593e-05,6.59619e-07,                 1
857,6.20242e-05,6.56074e-07,                 1
858,6.17651e-05,6.53333e-07,                 1
859,6.13875e-05,6.49338e-07,                 1
860,6.09648e-05,6.44868e-07,                 1
861,6.06916e-05,6.41977e-07,                 1
862,6.06237e-05,6.4126e-07,                 1
863,6.04124e-05,6.39024e-07,                 1
864,6.01187e-05,6.35918e-07,                 1
865,5.97181e-05,6.3168e-07,                 1
866,5.94832e-05,6.29196e-07,                 1
867,5.93104e-05,6.27368e-07,                 1
868,5.88383e-05,6.22374e-07,                 1
869,5.85078e-05,6.18878e-07,                 1
870,5.83086e-05,6.16771e-07,                 1
871,5.77035e-05,6.10371e-07,                 1
872,5.74855e-05,6.08064e-07,                 1
873,5.72363e-05,6.05429e-07,                 1
874,5.66888e-05,5.99637e-07,                 1
875,5.62324e-05,5.9481e-07,                 1
876,5.6192e-05,5.94382e-07,                 1
877,5.57318e-05,5.89514e-07,                 1
878,5.54325e-05,5.86348e-07,                 1
879,5.48712e-05,5.80411e-07,                 1
880,5.48551e-05,5.80241e-07,                 1
881,5.43757e-05,5.7517e-07,                 1
882,5.41657e-05,5.72949e-07,                 1
883,5.40205e-05,5.71413e-07,                 1
884,5.36891e-05,5.67907e-07,                 1
885,5.34104e-05,5.64959e-07,                 1
886,5.32628e-05,5.63398e-07,                 1
887,5.29786e-05,5.60392e-07,                 1
888,5.24447e-05,5.54744e-07,                 1
889,5.23889e-05,5.54154e-07,                 1
890,5.23105e-05,5.53325e-07,                 1
891,5.1882e-05,5.48792e-07,                 1
892,5.13275e-05,5.42927e-07,                 1
893,5.12987e-05,5.42622e-07,                 1
894,5.10919e-05,5.40435e-07,                 1
895,5.09302e-05,5.38724e-07,                 1
896,5.06176e-05,5.35418e-07,                 1
897,5.02839e-05,5.31888e-07,                 1
898,4.99139e-05,5.27974e-07,                 1
899,4.97645e-05,5.26394e-07,                 1
900,4.95704e-05,5.24342e-07,                 1
901,4.91327e-05,5.19711e-07,                 1
902,4.88678e-05,5.16909e-07,                 1
903,4.8666e-05,5.14775e-07,                 1
904,4.84744e-05,5.12748e-07,                 1
905,4.81284e-05,5.09088e-07,                 1
906,4.76939e-05,5.04492e-07,                 1
907,4.75125e-05,5.02574e-07,                 1
908,4.74669e-05,5.02091e-07,                 1
909,4.72123e-05,4.99398e-07,                 1
910,4.70375e-05,4.97549e-07,                 1
911,4.67787e-05,4.94811e-07,                 1
912,4.63309e-05,4.90075e-07,                 1
913,4.61558e-05,4.88223e-07,                 1
914,4.60058e-05,4.86635e-07,                 1
915,4.56623e-05,4.83002e-07,                 1
916,4.52362e-05,4.78496e-07,                 1
917,4.516e-05,4.77689e-07,                 1
918,4.5125e-05,4.77319e-07,                 1
919,4.47593e-05,4.73451e-07,                 1
920,4.45392e-05,4.71123e-07,                 1
921,4.44353e-05,4.70023e-07,                 1
922,4.4285e-05,4.68434e-07,                 1
923,4.37638e-05,4.62921e-07,                 1
924,4.35203e-05,4.60345e-07,                 1
925,4.32995e-05,4.5801e-07,                 1
926,4.312e-05,4.56111e-07,                 1
927,4.28152e-05,4.52886e-07,                 1
928,4.26537e-05,4.51179e-07,                 1
929,4.26141e-05,4.5076e-07,                 1
930,4.2288e-05,4.47311e-07,                 1
931,4.22164e-05,4.46552e-07,                 1
932,4.2061e-05,4.44909e-07,                 1
933,4.18197e-05,4.42356e-07,                 1
934,4.17429e-05,4.41544e-07,                 1
935,4.09913e-05,4.33594e-07,                 1
936,4.09589e-05,4.33251e-07,                 1
937,4.09039e-05,4.32669e-07,                 1
938,4.03984e-05,4.27323e-07,                 1
939,4.0157e-05,4.24769e-07,                 1
940,4.01568e-05,4.24766e-07,                 1
941,3.99171e-05,4.22231e-07,                 1
942,3.96559e-05,4.19468e-07,                 1
943,3.95624e-05,4.18479e-07,                 1
944,3.93418e-05,4.16146e-07,                 1
945,3.91978e-05,4.14623e-07,                 1
946,3.90315e-05,4.12863e-07,                 1
947,3.878e-05,4.10203e-07,                 1
948,3.86738e-05,4.0908e-07,                 1
949,3.85093e-05,4.0734e-07,                 1
950,3.82926e-05,4.05048e-07,                 1
951,3.80811e-05,4.0281e-07,                 1
952,3.79862e-05,4.01806e-07,                 1
953,3.75156e-05,3.96829e-07,                 1
954,3.74472e-05,3.96106e-07,                 1
955,3.73805e-05,3.954e-07,                 1
956,3.70623e-05,3.92035e-07,                 1
957,3.69629e-05,3.90983e-07,                 1
958,3.68588e-05,3.89882e-07,                 1
959,3.66575e-05,3.87752e-07,                 1
960,3.64368e-05,3.85418e-07,                 1
961,3.63325e-05,3.84315e-07,                 1
962,3.62262e-05,3.8319e-07,                 1
963,3.58239e-05,3.78934e-07,                 1
964,3.58088e-05,3.78775e-07,                 1
965,3.56554e-05,3.77152e-07,                 1
966,3.54757e-05,3.75251e-07,                 1
967,3.53291e-05,3.73701e-07,                 1
968,3.5286e-05,3.73244e-07,                 1
969,3.51002e-05,3.7128e-07,                 1
970,3.49674e-05,3.69875e-07,                 1
971,3.47708e-05,3.67796e-07,                 1
972,3.46447e-05,3.66461e-07,                 1
973,3.44957e-05,3.64886e-07,                 1
974,3.43021e-05,3.62838e-07,                 1
975,3.39211e-05,3.58807e-07,                 1
976,3.38019e-05,3.57546e-07,                 1
977,3.37528e-05,3.57027e-07,                 1
978,3.36909e-05,3.56373e-07,                 1
979,3.3467e-05,3.54005e-07,                 1
980,3.32327e-05,3.51526e-07,                 1
981,3.31903e-05,3.51077e-07,                 1
982,3.28705e-05,3.47695e-07,                 1
983,3.27141e-05,3.46041e-07,                 1
984,3.26702e-05,3.45575e-07,                 1
985,3.25299e-05,3.44092e-07,                 1
986,3.22331e-05,3.40953e-07,                 1
987,3.2212e-05,3.40729e-07,                 1
988,3.20692e-05,3.39218e-07,                 1
989,3.1839e-05,3.36783e-07,                 1
990,3.18135e-05,3.36514e-07,                 1
991,3.16475e-05,3.34758e-07,                 1
992,3.14856e-05,3.33045e-07,                 1
993,3.14721e-05,3.32903e-07,                 1
994,3.11115e-05,3.29088e-07,                 1
995,3.10063e-05,3.27975e-07,                 1
996,3.08341e-05,3.26154e-07,                 1
997,3.07068e-05,3.24808e-07,                 1
998,3.06381e-05,3.24081e-07,                 1
999,3.04639e-05,3.22238e-07,                 1
1000,3.02489e-05,3.19964e-07,                 1
1001,3.01126e-05,3.18522e-07,                 1
1002,2.9889e-05,3.16157e-07,                 1
1003,2.98072e-05,3.15292e-07,                 1
1004,2.97137e-05,3.14303e-07,                 1
1005,2.95153e-05,3.12204e-07,                 1
1006,2.92456e-05,3.09351e-07,                 1
1007,2.92317e-05,3.09205e-07,                 1
1008,2.91167e-05,3.07988e-07,                 1
1009,2.89945e-05,3.06695e-07,                 1
1010,2.89087e-05,3.05787e-07,                 1
1011,2.87991e-05,3.04628e-07,                 1
1012,2.86039e-05,3.02564e-07,                 1
1013,2.84932e-05,3.01393e-07,                 1
1014,2.83166e-05,2.99525e-07,                 1
1015,2.82521e-05,2.98842e-07,                 1
1016,2.81977e-05,2.98267e-07,                 1
1017,2.80052e-05,2.96231e-07,                 1
1018,2.783e-05,2.94377e-07,                 1
1019,2.77884e-05,2.93937e-07,                 1
1020,2.76365e-05,2.92331e-07,                 1
1021,2.76222e-05,2.9218e-07,                 1
1022,2.75585e-05,2.91505e-07,                 1
1023,2.75007e-05,2.90895e-07,                 1
1024,2.73075e-05,2.88851e-07,                 1
1025,2.71203e-05,2.86871e-07,                 1
1026,2.70368e-05,2.85987e-07,                 1
1027,2.69601e-05,2.85176e-07,                 1
1028,2.6855e-05,2.84065e-07,                 1
1029,2.67268e-05,2.82709e-07,                 1
1030,2.65561e-05,2.80903e-07,                 1
1031,2.65543e-05,2.80884e-07,                 1
1032,2.63675e-05,2.78908e-07,                 1
1033,2.61096e-05,2.7618e-07,                 1
1034,2.61078e-05,2.76161e-07,                 1
1035,2.6054e-05,2.75591e-07,                 1
1036,2.59087e-05,2.74054e-07,                 1
1037,2.5785e-05,2.72746e-07,                 1
1038,2.56641e-05,2.71467e-07,                 1
1039,2.56506e-05,2.71325e-07,                 1
1040,2.5543e-05,2.70186e-07,                 1
1041,2.53165e-05,2.67791e-07,                 1
1042,2.52443e-05,2.67027e-07,                 1
1043,2.50936e-05,2.65433e-07,                 1
1044,2.50806e-05,2.65295e-07,                 1
1045,2.50508e-05,2.6498e-07,                 1
1046,2.49013e-05,2.63399e-07,                 1
1047,2.486e-05,2.62962e-07,                 1
1048,2.47635e-05,2.61941e-07,                 1
1049,2.46387e-05,2.60621e-07,                 1
1050,2.44745e-05,2.58884e-07,                 1
1051,2.4277e-05,2.56794e-07,                 1
1052,2.42353e-05,2.56353e-07,                 1
1053,2.42165e-05,2.56155e-07,                 1
1054,2.40532e-05,2.54428e-07,                 1
1055,2.40072e-05,2.53941e-07,                 1
1056,2.39798e-05,2.53651e-07,                 1
1057,2.3885e-05,2.52648e-07,                 1
1058,2.37703e-05,2.51435e-07,                 1
1059,2.36809e-05,2.5049e-07,                 1
1060,2.3523e-05,2.48819e-07,                 1
1061,2.3439e-05,2.47931e-07,                 1
1062,2.32525e-05,2.45958e-07,                 1
1063,2.32296e-05,2.45716e-07,                 1
1064,2.31502e-05,2.44876e-07,                 1
1065,2.29898e-05,2.43179e-07,                 1
1066,2.29084e-05,2.42319e-07,                 1
1067,2.2903e-05,2.42261e-07,                 1
1068,2.27818e-05,2.40979e-07,                 1
1069,2.27601e-05,2.4075e-07,                 1
1070,2.2646e-05,2.39543e-07,                 1
1071,2.24511e-05,2.37482e-07,                 1
1072,2.22774e-05,2.35644e-07,                 1
1073,2.22752e-05,2.3562e-07,                 1
1074,2.22328e-05,2.35172e-07,                 1
1075,2.21033e-05,2.33802e-07,                 1
1076,2.20095e-05,2.3281e-07,                 1
1077,2.18592e-05,2.3122e-07,                 1
1078,2.18498e-05,2.31121e-07,                 1
1079,2.18187e-05,2.30791e-07,                 1
1080,2.17058e-05,2.29598e-07,                 1
1081,2.15926e-05,2.284e-07,                 1
1082,2.15909e-05,2.28383e-07,                 1
1083,2.15567e-05,2.28021e-07,                 1
1084,2.14166e-05,2.26538e-07,                 1
1085,2.12335e-05,2.24602e-07,                 1
1086,2.12265e-05,2.24528e-07,                 1
1087,2.10861e-05,2.23042e-07,                 1
1088,2.08406e-05,2.20446e-07,                 1
1089,2.08386e-05,2.20424e-07,                 1
1090,2.07801e-05,2.19805e-07,                 1
1091,2.0767e-05,2.19667e-07,                 1
1092,2.07539e-05,2.19529e-07,                 1
1093,2.06244e-05,2.18158e-07,                 1
1094,2.05286e-05,2.17146e-07,                 1
1095,2.05222e-05,2.17078e-07,                 1
1096,2.03999e-05,2.15784e-07,                 1
1097,2.02833e-05,2.14551e-07,                 1
1098,2.01447e-05,2.13085e-07,                 1
1099,2.01222e-05,2.12847e-07,                 1
1100,2.01015e-05,2.12628e-07,                 1
1101,1.99985e-05,2.11538e-07,                 1
1102,1.98624e-05,2.10099e-07,                 1
1103,1.98544e-05,2.10014e-07,                 1
1104,1.98214e-05,2.09665e-07,                 1
1105,1.96926e-05,2.08303e-07,                 1
1106,1.96824e-05,2.08195e-07,                 1
1107,1.95429e-05,2.06719e-07,                 1
1108,1.94537e-05,2.05776e-07,                 1
1109,1.94279e-05,2.05503e-07,                 1
1110,1.93617e-05,2.04802e-07,                 1
1111,1.92752e-05,2.03887e-07,                 1
1112,1.92354e-05,2.03466e-07,                 1
1113,1.91204e-05,2.0225e-07,                 1
1114,1.9035e-05,2.01346e-07,                 1
1115,1.88694e-05,1.99595e-07,                 1
1116,1.88141e-05,1.9901e-07,                 1
1117,1.87832e-05,1.98683e-07,                 1
1118,1.8775e-05,1.98596e-07,                 1
1119,1.86624e-05,1.97405e-07,                 1
1120,1.85712e-05,1.9644e-07,                 1
1121,1.84751e-05,1.95424e-07,                 1
1122,1.84419e-05,1.95072e-07,                 1
1123,1.84325e-05,1.94973e-07,                 1
1124,1.83764e-05,1.9438e-07,                 1
1125,1.82475e-05,1.93017e-07,                 1
1126,1.81428e-05,1.91909e-07,                 1
1127,1.80844e-05,1.91292e-07,                 1
1128,1.80427e-05,1.90851e-07,                 1
1129,1.79619e-05,1.89996e-07,                 1
1130,1.78296e-05,1.88597e-07,                 1
1131,1.78242e-05,1.88539e-07,                 1
1132,1.7739e-05,1.87638e-07,                 1
1133,1.77361e-05,1.87607e-07,                 1
1134,1.76567e-05,1.86767e-07,                 1
1135,1.76334e-05,1.86521e-07,                 1
1136,1.75792e-05,1.85947e-07,                 1
1137,1.74757e-05,1.84852e-07,                 1
1138,1.73841e-05,1.83884e-07,                 1
1139,1.73596e-05,1.83625e-07,                 1
1140,1.73273e-05,1.83283e-07,                 1
1141,1.73233e-05,1.83241e-07,                 1
1142,1.72839e-05,1.82824e-07,                 1
1143,1.71156e-05,1.81044e-07,                 1
1144,1.70834e-05,1.80703e-07,                 1
1145,1.70714e-05,1.80577e-07,                 1
1146,1.70223e-05,1.80057e-07,                 1
1147,1.69324e-05,1.79106e-07,                 1
1148,1.68967e-05,1.78728e-07,                 1
1149,1.68447e-05,1.78178e-07,                 1
1150,1.68222e-05,1.77941e-07,                 1
1151,1.67564e-05,1.77245e-07,                 1
1152,1.66562e-05,1.76185e-07,                 1
1153,1.65265e-05,1.74813e-07,                 1
1154,1.64637e-05,1.74148e-07,                 1
1155,1.64265e-05,1.73754e-07,                 1
1156,1.64249e-05,1.73738e-07,                 1
1157,1.6365e-05,1.73104e-07,                 1
1158,1.63024e-05,1.72442e-07,                 1
1159,1.62827e-05,1.72234e-07,                 1
1160,1.61354e-05,1.70676e-07,                 1
1161,1.60896e-05,1.70191e-07,                 1
1162,1.60786e-05,1.70075e-07,                 1
1163,1.59951e-05,1.69191e-07,                 1
1164,1.59877e-05,1.69113e-07,                 1
1165,1.59335e-05,1.68539e-07,                 1
1166,1.59006e-05,1.68192e-07,                 1
1167,1.57658e-05,1.66766e-07,                 1
1168,1.57081e-05,1.66155e-07,                 1
1169,1.56613e-05,1.65661e-07,                 1
1170,1.56144e-05,1.65165e-07,                 1
1171,1.56088e-05,1.65106e-07,                 1
1172,1.54618e-05,1.6355e-07,                 1
1173,1.54479e-05,1.63404e-07,                 1
1174,1.541e-05,1.63002e-07,                 1
1175,1.53172e-05,1.6202e-07,                 1
1176,1.52776e-05,1.61601e-07,                 1
1177,1.52589e-05,1.61404e-07,                 1
1178,1.52117e-05,1.60905e-07,                 1
1179,1.51268e-05,1.60007e-07,                 1
1180,1.51222e-05,1.59958e-07,                 1
1181,1.50724e-05,1.59431e-07,                 1
1182,1.50196e-05,1.58873e-07,                 1
1183,1.49378e-05,1.58007e-07,                 1
1184,1.49302e-05,1.57927e-07,                 1
1185,1.47703e-05,1.56235e-07,                 1
1186,1.47573e-05,1.56099e-07,                 1
1187,1.47342e-05,1.55855e-07,                 1
1188,1.47111e-05,1.55609e-07,                 1
1189,1.46844e-05,1.55328e-07,                 1
1190,1.46728e-05,1.55204e-07,                 1
1191,1.453e-05,1.53694e-07,                 1
1192,1.44991e-05,1.53368e-07,                 1
1193,1.44951e-05,1.53325e-07,                 1
1194,1.4426e-05,1.52595e-07,                 1
1195,1.43995e-05,1.52314e-07,                 1
1196,1.43507e-05,1.51797e-07,                 1
1197,1.42983e-05,1.51243e-07,                 1
1198,1.42824e-05,1.51075e-07,                 1
1199,1.42731e-05,1.50977e-07,                 1
1200,1.41733e-05,1.49921e-07,                 1
1201,1.40805e-05,1.4894e-07,                 1
1202,1.40405e-05,1.48516e-07,                 1
1203,1.40153e-05,1.4825e-07,                 1
1204,1.39527e-05,1.47587e-07,                 1
1205,1.39501e-05,1.47561e-07,                 1
1206,1.38891e-05,1.46914e-07,                 1
1207,1.38318e-05,1.46309e-07,                 1
1208,1.37756e-05,1.45714e-07,                 1
1209,1.3727e-05,1.45201e-07,                 1
1210,1.37222e-05,1.45149e-07,                 1
1211,1.37138e-05,1.45061e-07,                 1
1212,1.36704e-05,1.44602e-07,                 1
1213,1.35396e-05,1.43217e-07,                 1
1214,1.35321e-05,1.43139e-07,                 1
1215,1.35071e-05,1.42874e-07,                 1
1216,1.34127e-05,1.41876e-07,                 1
1217,1.34085e-05,1.41832e-07,                 1
1218,1.33825e-05,1.41556e-07,                 1
1219,1.33129e-05,1.4082e-07,                 1
1220,1.32536e-05,1.40193e-07,                 1
1221,1.32115e-05,1.39748e-07,                 1
1222,1.31567e-05,1.39167e-07,                 1
1223,1.31169e-05,1.38747e-07,                 1
1224,1.30874e-05,1.38435e-07,                 1
1225,1.30788e-05,1.38343e-07,                 1
1226,1.30548e-05,1.3809e-07,                 1
1227,1.2988e-05,1.37383e-07,                 1
1228,1.29724e-05,1.37219e-07,                 1
1229,1.29482e-05,1.36962e-07,                 1
1230,1.29303e-05,1.36773e-07,                 1
1231,1.2919e-05,1.36654e-07,                 1
1232,1.27753e-05,1.35133e-07,                 1
1233,1.2741e-05,1.34771e-07,                 1
1234,1.27126e-05,1.3447e-07,                 1
1235,1.26433e-05,1.33737e-07,                 1
1236,1.2595e-05,1.33226e-07,                 1
1237,1.2566e-05,1.32919e-07,                 1
1238,1.25638e-05,1.32897e-07,                 1
1239,1.25443e-05,1.3269e-07,                 1
1240,1.24633e-05,1.31833e-07,                 1
1241,1.24419e-05,1.31607e-07,                 1
1242,1.23202e-05,1.30319e-07,                 1
1243,1.2311e-05,1.30223e-07,                 1
1244,1.22486e-05,1.29562e-07,                 1
1245,1.22401e-05,1.29472e-07,                 1
1246,1.22137e-05,1.29193e-07,                 1
1247,1.21887e-05,1.28929e-07,                 1
1248,1.21248e-05,1.28253e-07,                 1
1249,1.2047e-05,1.2743e-07,                 1
1250,1.20171e-05,1.27114e-07,                 1
1251,1.19938e-05,1.26867e-07,                 1
1252,1.1992e-05,1.26848e-07,                 1
1253,1.19834e-05,1.26757e-07,                 1
1254,1.19347e-05,1.26241e-07,                 1
1255,1.19217e-05,1.26104e-07,                 1
1256,1.18611e-05,1.25463e-07,                 1
1257,1.18209e-05,1.25038e-07,                 1
1258,1.17759e-05,1.24562e-07,                 1
1259,1.17602e-05,1.24396e-07,                 1
1260,1.17084e-05,1.23849e-07,                 1
1261,1.16823e-05,1.23572e-07,                 1
1262,1.16473e-05,1.23202e-07,                 1
1263,1.16045e-05,1.22748e-07,                 1
1264,1.15151e-05,1.21803e-07,                 1
1265,1.15037e-05,1.21683e-07,                 1
1266,1.14924e-05,1.21563e-07,                 1
1267,1.14306e-05,1.2091e-07,                 1
1268,1.13831e-05,1.20408e-07,                 1
1269,1.12633e-05,1.1914e-07,                 1
1270,1.12589e-05,1.19093e-07,                 1
1271,1.12531e-05,1.19033e-07,                 1
1272,1.12426e-05,1.18921e-07,                 1
1273,1.12404e-05,1.18898e-07,                 1
1274,1.12269e-05,1.18755e-07,                 1
1275,1.12012e-05,1.18483e-07,                 1
1276,1.11382e-05,1.17817e-07,                 1
1277,1.10826e-05,1.17228e-07,                 1
1278,1.108e-05,1.17201e-07,                 1
1279,1.10716e-05,1.17113e-07,                 1
1280,1.09487e-05,1.15812e-07,                 1
1281,1.09216e-05,1.15526e-07,                 1
1282,1.08595e-05,1.14869e-07,                 1
1283,1.08443e-05,1.14707e-07,                 1
1284,1.08268e-05,1.14523e-07,                 1
1285,1.08199e-05,1.1445e-07,                 1
1286,1.08042e-05,1.14284e-07,                 1
1287,1.0775e-05,1.13975e-07,                 1
1288,1.07274e-05,1.13471e-07,                 1
1289,1.07198e-05,1.13391e-07,                 1
1290,1.06494e-05,1.12646e-07,                 1
1291,1.05881e-05,1.11998e-07,                 1
1292,1.05817e-05,1.1193e-07,                 1
1293,1.05738e-05,1.11846e-07,                 1
1294,1.05441e-05,1.11532e-07,                 1
1295,1.04819e-05,1.10875e-07,                 1
1296,1.04549e-05,1.10589e-07,                 1
1297,1.04325e-05,1.10352e-07,                 1
1298,1.04255e-05,1.10278e-07,                 1
1299,1.0381e-05,1.09807e-07,                 1
1300,1.03005e-05,1.08956e-07,                 1
1301,1.02814e-05,1.08754e-07,                 1
1302,1.02668e-05,1.08599e-07,                 1
1303,1.0241e-05,1.08327e-07,                 1
1304,1.01923e-05,1.07812e-07,                 1
1305,1.01558e-05,1.07426e-07,                 1
1306,1.01164e-05,1.07008e-07,                 1
1307,1.00774e-05,1.06596e-07,                 1
1308,1.00714e-05,1.06533e-07,                 1
1309,1.00689e-05,1.06506e-07,                 1
1310,1.00205e-05,1.05994e-07,                 1
1311,1.00173e-05,1.0596e-07,                 1
1312,9.96655e-06,1.05423e-07,                 1
1313,9.93147e-06,1.05052e-07,                 1
1314,9.89434e-06,1.04659e-07,                 1
1315,9.87035e-06,1.04406e-07,                 1
1316,9.8702e-06,1.04404e-07,                 1
1317,9.83766e-06,1.0406e-07,                 1
1318,9.83669e-06,1.0405e-07,                 1
1319,9.78898e-06,1.03545e-07,                 1
1320,9.74351e-06,1.03064e-07,                 1
1321,9.70899e-06,1.02699e-07,                 1
1322,9.67759e-06,1.02367e-07,                 1
1323,9.67133e-06,1.02301e-07,                 1
1324,9.64843e-06,1.02058e-07,                 1
1325,9.59155e-06,1.01457e-07,                 1
1326,9.56571e-06,1.01183e-07,                 1
1327,9.54277e-06,1.00941e-07,                 1
1328,9.53985e-06,1.0091e-07,                 1
1329,9.5278e-06,1.00782e-07,                 1
1330,9.45495e-06,1.00012e-07,                 1
1331,9.44923e-06,9.99512e-08,                 1
1332,9.41208e-06,9.95583e-08,                 1
1333,9.37958e-06,9.92145e-08,                 1
1334,9.28401e-06,9.82035e-08,                 1
1335,9.28078e-06,9.81693e-08,                 1
1336,9.27517e-06,9.81101e-08,                 1
1337,9.24812e-06,9.78239e-08,                 1
1338,9.24124e-06,9.77511e-08,                 1
1339,9.23878e-06,9.77251e-08,                 1
1340,9.23264e-06,9.76602e-08,                 1
1341,9.21076e-06,9.74287e-08,                 1
1342,9.17844e-06,9.70868e-08,                 1
1343,9.16264e-06,9.69197e-08,                 1
1344,9.14351e-06,9.67174e-08,                 1
1345,9.06206e-06,9.58558e-08,                 1
1346,9.04605e-06,9.56865e-08,                 1
1347,9.02552e-06,9.54693e-08,                 1
1348,9.02106e-06,9.54221e-08,                 1
1349,8.98342e-06,9.5024e-08,                 1
1350,8.92629e-06,9.44197e-08,                 1
1351,8.89643e-06,9.41038e-08,                 1
1352,8.84451e-06,9.35546e-08,                 1
1353,8.76527e-06,9.27164e-08,                 1
1354,8.75482e-06,9.26059e-08,                 1
1355,8.73848e-06,9.24331e-08,                 1
1356,8.70013e-06,9.20274e-08,                 1
1357,8.69228e-06,9.19444e-08,                 1
1358,8.67247e-06,9.17348e-08,                 1
1359,8.67098e-06,9.17191e-08,                 1
1360,8.66622e-06,9.16687e-08,                 1
1361,8.61183e-06,9.10934e-08,                 1
1362,8.61155e-06,9.10904e-08,                 1
1363,8.60121e-06,9.09811e-08,                 1
1364,8.59168e-06,9.08803e-08,                 1
1365,8.5734e-06,9.06869e-08,                 1
1366,8.51052e-06,9.00218e-08,                 1
1367,8.47203e-06,8.96147e-08,                 1
1368,8.46927e-06,8.95855e-08,                 1
1369,8.42892e-06,8.91586e-08,                 1
1370,8.41378e-06,8.89985e-08,                 1
1371,8.40578e-06,8.89139e-08,                 1
1372,8.36457e-06,8.8478e-08,                 1
1373,8.35919e-06,8.8421e-08,                 1
1374,8.34518e-06,8.82728e-08,                 1
1375,8.34111e-06,8.82298e-08,                 1
1376,8.31256e-06,8.79278e-08,                 1
1377,8.21416e-06,8.6887e-08,                 1
1378,8.19971e-06,8.67342e-08,                 1
1379,8.1795e-06,8.65204e-08,                 1
1380,8.16053e-06,8.63197e-08,                 1
1381,8.14401e-06,8.6145e-08,                 1
1382,8.1201e-06,8.5892e-08,                 1
1383,8.11484e-06,8.58364e-08,                 1
1384,8.08622e-06,8.55336e-08,                 1
1385,8.07641e-06,8.54299e-08,                 1
1386,7.98348e-06,8.44469e-08,                 1
1387,7.96997e-06,8.4304e-08,                 1
1388,7.9532e-06,8.41266e-08,                 1
1389,7.95154e-06,8.4109e-08,                 1
1390,7.93579e-06,8.39424e-08,                 1
1391,7.91504e-06,8.3723e-08,                 1
1392,7.89544e-06,8.35156e-08,                 1
1393,7.8382e-06,8.29102e-08,                 1
1394,7.81678e-06,8.26836e-08,                 1
1395,7.7991e-06,8.24966e-08,                 1
1396,7.78692e-06,8.23677e-08,                 1
1397,7.78416e-06,8.23386e-08,                 1
1398,7.7841e-06,8.23379e-08,                 1
1399,7.70556e-06,8.15072e-08,                 1
1400,7.6986e-06,8.14335e-08,                 1
1401,7.68201e-06,8.12581e-08,                 1
1402,7.67289e-06,8.11616e-08,                 1
1403,7.65933e-06,8.10181e-08,                 1
1404,7.65339e-06,8.09553e-08,                 1
1405,7.63464e-06,8.0757e-08,                 1
1406,7.59862e-06,8.0376e-08,                 1
1407,7.59716e-06,8.03605e-08,                 1
1408,7.59429e-06,8.03301e-08,                 1
1409,7.53547e-06,7.9708e-08,                 1
1410,7.50735e-06,7.94105e-08,                 1
1411,7.46105e-06,7.89208e-08,                 1
1412,7.44987e-06,7.88025e-08,                 1
1413,7.40242e-06,7.83006e-08,                 1
1414,7.39005e-06,7.81697e-08,                 1
1415,7.36847e-06,7.79415e-08,                 1
1416,7.35932e-06,7.78447e-08,                 1
1417,7.3473e-06,7.77175e-08,                 1
1418,7.34603e-06,7.77041e-08,                 1
1419,7.33376e-06,7.75743e-08,                 1
1420,7.29508e-06,7.71652e-08,                 1
1421,7.2898e-06,7.71094e-08,                 1
1422,7.23947e-06,7.65769e-08,                 1
1423,7.23838e-06,7.65654e-08,                 1
1424,7.23832e-06,7.65648e-08,                 1
1425,7.2281e-06,7.64567e-08,                 1
1426,7.12977e-06,7.54166e-08,                 1
1427,7.11382e-06,7.52479e-08,                 1
1428,7.09764e-06,7.50767e-08,                 1
1429,7.0931e-06,7.50287e-08,                 1
1430,7.07342e-06,7.48205e-08,                 1
1431,7.06355e-06,7.47162e-08,                 1
1432,7.03509e-06,7.44151e-08,                 1
1433,7.00296e-06,7.40752e-08,                 1
1434,6.98233e-06,7.3857e-08,                 1
1435,6.95623e-06,7.35809e-08,                 1
1436,6.95365e-06,7.35537e-08,                 1
1437,6.94723e-06,7.34858e-08,                 1
1438,6.94452e-06,7.34571e-08,                 1
1439,6.92271e-06,7.32264e-08,                 1
1440,6.87622e-06,7.27346e-08,                 1
1441,6.86735e-06,7.26408e-08,                 1
1442,6.84113e-06,7.23634e-08,                 1
1443,6.83889e-06,7.23398e-08,                 1
1444,6.83172e-06,7.22639e-08,                 1
1445,6.82404e-06,7.21827e-08,                 1
1446,6.80518e-06,7.19832e-08,                 1
1447,6.74545e-06,7.13514e-08,                 1
1448,6.70957e-06,7.09718e-08,                 1
1449,6.70714e-06,7.09462e-08,                 1
1450,6.67375e-06,7.0593e-08,                 1
1451,6.62953e-06,7.01252e-08,                 1
1452,6.62567e-06,7.00844e-08,                 1
1453,6.61699e-06,6.99925e-08,                 1
1454,6.57071e-06,6.95031e-08,                 1
1455,6.56834e-06,6.94779e-08,                 1
1456,6.5543e-06,6.93295e-08,                 1
1457,6.5308e-06,6.90809e-08,                 1
1458,6.52327e-06,6.90012e-08,                 1
1459,6.51715e-06,6.89365e-08,                 1
1460,6.49968e-06,6.87517e-08,                 1
1461,6.49891e-06,6.87435e-08,                 1
1462,6.45807e-06,6.83115e-08,                 1
1463,6.44127e-06,6.81338e-08,                 1
1464,6.3977e-06,6.7673e-08,                 1
1465,6.36771e-06,6.73557e-08,                 1
1466,6.35031e-06,6.71717e-08,                 1
1467,6.32942e-06,6.69508e-08,                 1
1468,6.31802e-06,6.68302e-08,                 1
1469,6.29541e-06,6.6591e-08,                 1
1470,6.2247e-06,6.58431e-08,                 1
1471,6.20892e-06,6.56761e-08,                 1
1472,6.19545e-06,6.55337e-08,                 1
1473,6.19539e-06,6.5533e-08,                 1
1474,6.18427e-06,6.54154e-08,                 1
1475,6.18052e-06,6.53757e-08,                 1
1476,6.17556e-06,6.53232e-08,                 1
1477,6.16811e-06,6.52445e-08,                 1
1478,6.15138e-06,6.50675e-08,                 1
1479,6.14865e-06,6.50386e-08,                 1
1480,6.14444e-06,6.4994e-08,                 1
1481,6.12956e-06,6.48366e-08,                 1
1482,6.08716e-06,6.43882e-08,                 1
1483,6.07798e-06,6.4291e-08,                 1
1484,6.07055e-06,6.42125e-08,                 1
1485,5.99194e-06,6.3381e-08,                 1
1486,5.98747e-06,6.33337e-08,                 1
1487,5.96768e-06,6.31244e-08,                 1
1488,5.96545e-06,6.31008e-08,                 1
1489,5.96231e-06,6.30675e-08,                 1
1490,5.9259e-06,6.26824e-08,                 1
1491,5.92482e-06,6.2671e-08,                 1
1492,5.90375e-06,6.24481e-08,                 1
1493,5.89733e-06,6.23803e-08,                 1
1494,5.88405e-06,6.22397e-08,                 1
1495,5.87666e-06,6.21616e-08,                 1
1496,5.84874e-06,6.18663e-08,                 1
1497,5.83552e-06,6.17264e-08,                 1
1498,5.83376e-06,6.17078e-08,                 1
1499,5.79958e-06,6.13462e-08,                 1
1500,5.73519e-06,6.06652e-08,                 1
1501,5.72431e-06,6.055e-08,                 1
1502,5.69973e-06,6.029e-08,                 1
1503,5.67035e-06,5.99793e-08,                 1
1504,5.66421e-06,5.99144e-08,                 1
1505,5.64169e-06,5.96761e-08,                 1
1506,5.64151e-06,5.96742e-08,                 1
1507,5.6323e-06,5.95768e-08,                 1
1508,5.62315e-06,5.948e-08,                 1
1509,5.61105e-06,5.9352e-08,                 1
1510,5.58897e-06,5.91185e-08,                 1
1511,5.58524e-06,5.9079e-08,                 1
1512,5.5768e-06,5.89897e-08,                 1
1513,5.53581e-06,5.85561e-08,                 1
1514,5.51142e-06,5.82982e-08,                 1
1515,5.49564e-06,5.81312e-08,                 1
1516,5.46948e-06,5.78546e-08,                 1
1517,5.46568e-06,5.78144e-08,                 1
1518,5.46419e-06,5.77986e-08,                 1
1519,5.43927e-06,5.7535e-08,                 1
1520,5.41303e-06,5.72574e-08,                 1
1521,5.40746e-06,5.71985e-08,                 1
1522,5.39099e-06,5.70243e-08,                 1
1523,5.36608e-06,5.67608e-08,                 1
1524,5.35745e-06,5.66695e-08,                 1
1525,5.33335e-06,5.64146e-08,                 1
1526,5.32849e-06,5.63632e-08,                 1
1527,5.31478e-06,5.62182e-08,                 1
1528,5.30814e-06,5.6148e-08,                 1
1529,5.2919e-06,5.59762e-08,                 1
1530,5.28379e-06,5.58904e-08,                 1
1531,5.28151e-06,5.58663e-08,                 1
1532,5.21927e-06,5.52079e-08,                 1
1533,5.21662e-06,5.51799e-08,                 1
1534,5.21041e-06,5.51142e-08,                 1
1535,5.18321e-06,5.48264e-08,                 1
1536,5.17993e-06,5.47918e-08,                 1
1537,5.16633e-06,5.46479e-08,                 1
1538,5.0907e-06,5.38479e-08,                 1
1539,5.0775e-06,5.37083e-08,                 1
1540,5.0407e-06,5.3319e-08,                 1
1541,5.04043e-06,5.33162e-08,                 1
1542,5.03222e-06,5.32293e-08,                 1
1543,5.02674e-06,5.31714e-08,                 1
1544,5.01936e-06,5.30933e-08,                 1
1545,5.00137e-06,5.2903e-08,                 1
1546,5.00104e-06,5.28995e-08,                 1
1547,4.98587e-06,5.27391e-08,                 1
1548,4.98212e-06,5.26994e-08,                 1
1549,4.98005e-06,5.26776e-08,                 1
1550,4.94854e-06,5.23442e-08,                 1
1551,4.94087e-06,5.22631e-08,                 1
1552,4.93628e-06,5.22145e-08,                 1
1553,4.9181e-06,5.20222e-08,                 1
1554,4.90009e-06,5.18317e-08,                 1
1555,4.89278e-06,5.17544e-08,                 1
1556,4.86422e-06,5.14523e-08,                 1
1557,4.85874e-06,5.13943e-08,                 1
1558,4.82215e-06,5.10073e-08,                 1
1559,4.82065e-06,5.09915e-08,                 1
1560,4.81077e-06,5.08869e-08,                 1
1561,4.79779e-06,5.07496e-08,                 1
1562,4.76249e-06,5.03762e-08,                 1
1563,4.76125e-06,5.03631e-08,                 1
1564,4.71296e-06,4.98523e-08,                 1
1565,4.70766e-06,4.97962e-08,                 1
1566,4.69743e-06,4.9688e-08,                 1
1567,4.69366e-06,4.96481e-08,                 1
1568,4.69008e-06,4.96103e-08,                 1
1569,4.67088e-06,4.94072e-08,                 1
1570,4.66379e-06,4.93322e-08,                 1
1571,4.65716e-06,4.9262e-08,                 1
1572,4.64355e-06,4.91182e-08,                 1
1573,4.62842e-06,4.89581e-08,                 1
1574,4.59393e-06,4.85932e-08,                 1
1575,4.5717e-06,4.83581e-08,                 1
1576,4.56525e-06,4.82899e-08,                 1
1577,4.55376e-06,4.81684e-08,                 1
1578,4.53668e-06,4.79876e-08,                 1
1579,4.51234e-06,4.77302e-08,                 1
1580,4.50642e-06,4.76676e-08,                 1
1581,4.50604e-06,4.76636e-08,                 1
1582,4.4942e-06,4.75384e-08,                 1
1583,4.48701e-06,4.74623e-08,                 1
1584,4.48189e-06,4.74081e-08,                 1
1585,4.45692e-06,4.7144e-08,                 1
1586,4.45113e-06,4.70828e-08,                 1
1587,4.44534e-06,4.70215e-08,                 1
1588,4.43065e-06,4.68661e-08,                 1
1589,4.40964e-06,4.66439e-08,                 1
1590,4.40222e-06,4.65654e-08,                 1
1591,4.3923e-06,4.64605e-08,                 1
1592,4.3442e-06,4.59517e-08,                 1
1593,4.32694e-06,4.57691e-08,                 1
1594,4.31745e-06,4.56687e-08,                 1
1595,4.29945e-06,4.54783e-08,                 1
1596,4.27839e-06,4.52556e-08,                 1
1597,4.27811e-06,4.52526e-08,                 1
1598,4.26144e-06,4.50763e-08,                 1
1599,4.24405e-06,4.48924e-08,                 1
1600,4.23788e-06,4.48271e-08,                 1
1601,4.23646e-06,4.4812e-08,                 1
1602,4.2221e-06,4.46601e-08,                 1
1603,4.21491e-06,4.45841e-08,                 1
1604,4.20975e-06,4.45295e-08,                 1
1605,4.19776e-06,4.44027e-08,                 1
1606,4.19498e-06,4.43732e-08,                 1
1607,4.1876e-06,4.42952e-08,                 1
1608,4.16726e-06,4.408e-08,                 1
1609,4.12184e-06,4.35996e-08,                 1
1610,4.10849e-06,4.34584e-08,                 1
1611,4.10736e-06,4.34464e-08,                 1
1612,4.09381e-06,4.33031e-08,                 1
1613,4.08994e-06,4.32622e-08,                 1
1614,4.08059e-06,4.31632e-08,                 1
1615,4.07116e-06,4.30636e-08,                 1
1616,4.06439e-06,4.29919e-08,                 1
1617,4.0509e-06,4.28493e-08,                 1
1618,4.04725e-06,4.28106e-08,                 1
1619,4.03363e-06,4.26666e-08,                 1
1620,4.02861e-06,4.26134e-08,                 1
1621,4.0245e-06,4.257e-08,                 1
1622,4.02188e-06,4.25423e-08,                 1
1623,3.9946e-06,4.22537e-08,                 1
1624,3.9907e-06,4.22125e-08,                 1
1625,3.90087e-06,4.12623e-08,                 1
1626,3.8979e-06,4.12308e-08,                 1
1627,3.88835e-06,4.11298e-08,                 1
1628,3.87697e-06,4.10095e-08,                 1
1629,3.85913e-06,4.08207e-08,                 1
1630,3.85697e-06,4.07979e-08,                 1
1631,3.84963e-06,4.07203e-08,                 1
1632,3.83512e-06,4.05668e-08,                 1
1633,3.82012e-06,4.04081e-08,                 1
1634,3.81831e-06,4.0389e-08,                 1
1635,3.7983e-06,4.01772e-08,                 1
1636,3.79469e-06,4.01391e-08,                 1
1637,3.7851e-06,4.00377e-08,                 1
1638,3.7598e-06,3.977e-08,                 1
1639,3.74365e-06,3.95992e-08,                 1
1640,3.71536e-06,3.93e-08,                 1
1641,3.71485e-06,3.92946e-08,                 1
1642,3.70184e-06,3.91569e-08,                 1
1643,3.64707e-06,3.85777e-08,                 1
1644,3.64375e-06,3.85425e-08,                 1
1645,3.63816e-06,3.84833e-08,                 1
1646,3.6137e-06,3.82246e-08,                 1
1647,3.6006e-06,3.80861e-08,                 1
1648,3.59388e-06,3.8015e-08,                 1
1649,3.59206e-06,3.79957e-08,                 1
1650,3.59084e-06,3.79828e-08,                 1
1651,3.5804e-06,3.78724e-08,                 1
1652,3.57809e-06,3.7848e-08,                 1
1653,3.56814e-06,3.77427e-08,                 1
1654,3.55113e-06,3.75628e-08,                 1
1655,3.52634e-06,3.73006e-08,                 1
1656,3.52446e-06,3.72807e-08,                 1
1657,3.52173e-06,3.72518e-08,                 1
1658,3.51638e-06,3.71952e-08,                 1
1659,3.48611e-06,3.6875e-08,                 1
1660,3.48605e-06,3.68744e-08,                 1
1661,3.4807e-06,3.68178e-08,                 1
1662,3.47803e-06,3.67896e-08,                 1
1663,3.47533e-06,3.6761e-08,                 1
1664,3.46136e-06,3.66132e-08,                 1
1665,3.45556e-06,3.65519e-08,                 1
1666,3.44894e-06,3.64818e-08,                 1
1667,3.44024e-06,3.63898e-08,                 1
1668,3.43601e-06,3.63452e-08,                 1
1669,3.42998e-06,3.62814e-08,                 1
1670,3.41925e-06,3.61678e-08,                 1
1671,3.41864e-06,3.61613e-08,                 1
1672,3.40103e-06,3.59751e-08,                 1
1673,3.36703e-06,3.56155e-08,                 1
1674,3.34599e-06,3.53929e-08,                 1
1675,3.33838e-06,3.53124e-08,                 1
1676,3.32972e-06,3.52208e-08,                 1
1677,3.32587e-06,3.51801e-08,                 1
1678,3.32118e-06,3.51305e-08,                 1
1679,3.30872e-06,3.49986e-08,                 1
1680,3.28793e-06,3.47788e-08,                 1
1681,3.28078e-06,3.47031e-08,                 1
1682,3.27749e-06,3.46684e-08,                 1
1683,3.27066e-06,3.45961e-08,                 1
1684,3.26802e-06,3.45681e-08,                 1
1685,3.23141e-06,3.41809e-08,                 1
1686,3.21422e-06,3.39991e-08,                 1
1687,3.21104e-06,3.39654e-08,                 1
1688,3.2004e-06,3.38529e-08,                 1
1689,3.1699e-06,3.35303e-08,                 1
1690,3.16935e-06,3.35245e-08,                 1
1691,3.16048e-06,3.34307e-08,                 1
1692,3.15078e-06,3.3328e-08,                 1
1693,3.1496e-06,3.33156e-08,                 1
1694,3.13058e-06,3.31144e-08,                 1
1695,3.11984e-06,3.30008e-08,                 1
1696,3.11869e-06,3.29886e-08,                 1
1697,3.11174e-06,3.29151e-08,                 1
1698,3.09805e-06,3.27703e-08,                 1
1699,3.07588e-06,3.25358e-08,                 1
1700,3.06931e-06,3.24662e-08,                 1
1701,3.05537e-06,3.23188e-08,                 1
1702,3.04273e-06,3.21851e-08,                 1
1703,3.02879e-06,3.20376e-08,                 1
1704,3.0194e-06,3.19384e-08,                 1
1705,3.01866e-06,3.19305e-08,                 1
1706,3.00611e-06,3.17977e-08,                 1
1707,3.00564e-06,3.17928e-08,                 1
1708,2.99794e-06,3.17113e-08,                 1
1709,2.98441e-06,3.15683e-08,                 1
1710,2.97634e-06,3.14829e-08,                 1
1711,2.97237e-06,3.14409e-08,                 1
1712,2.96771e-06,3.13915e-08,                 1
1713,2.96526e-06,3.13656e-08,                 1
1714,2.95005e-06,3.12048e-08,                 1
1715,2.94729e-06,3.11756e-08,                 1
1716,2.94506e-06,3.1152e-08,                 1
1717,2.93664e-06,3.10629e-08,                 1
1718,2.93201e-06,3.10139e-08,                 1
1719,2.91836e-06,3.08695e-08,                 1
1720,2.91079e-06,3.07895e-08,                 1
1721,2.90061e-06,3.06818e-08,                 1
1722,2.89963e-06,3.06714e-08,                 1
1723,2.89952e-06,3.06703e-08,                 1
1724,2.89891e-06,3.06638e-08,                 1
1725,2.88175e-06,3.04823e-08,                 1
1726,2.8618e-06,3.02713e-08,                 1
1727,2.85675e-06,3.02179e-08,                 1
1728,2.8427e-06,3.00693e-08,                 1
1729,2.83373e-06,2.99743e-08,                 1
1730,2.82926e-06,2.99271e-08,                 1
1731,2.82909e-06,2.99253e-08,                 1
1732,2.81276e-06,2.97526e-08,                 1
1733,2.80392e-06,2.96591e-08,                 1
1734,2.79438e-06,2.95581e-08,                 1
1735,2.78814e-06,2.94921e-08,                 1
1736,2.78123e-06,2.9419e-08,                 1
1737,2.7576e-06,2.91691e-08,                 1
1738,2.737e-06,2.89512e-08,                 1
1739,2.71849e-06,2.87553e-08,                 1
1740,2.70953e-06,2.86606e-08,                 1
1741,2.70862e-06,2.8651e-08,                 1
1742,2.70688e-06,2.86326e-08,                 1
1743,2.6986e-06,2.8545e-08,                 1
1744,2.68778e-06,2.84305e-08,                 1
1745,2.6817e-06,2.83662e-08,                 1
1746,2.67547e-06,2.83003e-08,                 1
1747,2.66521e-06,2.81918e-08,                 1
1748,2.65404e-06,2.80736e-08,                 1
1749,2.65071e-06,2.80385e-08,                 1
1750,2.65034e-06,2.80345e-08,                 1
1751,2.6277e-06,2.7795e-08,                 1
1752,2.60795e-06,2.75861e-08,                 1
1753,2.60752e-06,2.75815e-08,                 1
1754,2.60354e-06,2.75395e-08,                 1
1755,2.58605e-06,2.73545e-08,                 1
1756,2.58518e-06,2.73453e-08,                 1
1757,2.566e-06,2.71424e-08,                 1
1758,2.56041e-06,2.70833e-08,                 1
1759,2.53766e-06,2.68427e-08,                 1
1760,2.53568e-06,2.68217e-08,                 1
1761,2.51491e-06,2.6602e-08,                 1
1762,2.49876e-06,2.64312e-08,                 1
1763,2.48933e-06,2.63314e-08,                 1
1764,2.47017e-06,2.61287e-08,                 1
1765,2.46938e-06,2.61203e-08,                 1
1766,2.46622e-06,2.6087e-08,                 1
1767,2.45719e-06,2.59914e-08,                 1
1768,2.45269e-06,2.59438e-08,                 1
1769,2.4458e-06,2.5871e-08,                 1
1770,2.44207e-06,2.58315e-08,                 1
1771,2.44198e-06,2.58306e-08,                 1
1772,2.43963e-06,2.58057e-08,                 1
1773,2.43618e-06,2.57692e-08,                 1
1774,2.43384e-06,2.57444e-08,                 1
1775,2.43021e-06,2.5706e-08,                 1
1776,2.4257e-06,2.56583e-08,                 1
1777,2.42051e-06,2.56034e-08,                 1
1778,2.40378e-06,2.54265e-08,                 1
1779,2.40189e-06,2.54065e-08,                 1
1780,2.36156e-06,2.49798e-08,                 1
1781,2.33723e-06,2.47225e-08,                 1
1782,2.32643e-06,2.46083e-08,                 1
1783,2.32578e-06,2.46015e-08,                 1
1784,2.30508e-06,2.43824e-08,                 1
1785,2.30407e-06,2.43718e-08,                 1
1786,2.29906e-06,2.43188e-08,                 1
1787,2.2908e-06,2.42315e-08,                 1
1788,2.28862e-06,2.42084e-08,                 1
1789,2.27994e-06,2.41166e-08,                 1
1790,2.27329e-06,2.40462e-08,                 1
1791,2.26037e-06,2.39096e-08,                 1
1792,2.24844e-06,2.37833e-08,                 1
1793,2.21791e-06,2.34604e-08,                 1
1794,2.21723e-06,2.34532e-08,                 1
1795,2.217e-06,2.34508e-08,                 1
1796,2.20402e-06,2.33135e-08,                 1
1797,2.16776e-06,2.29299e-08,                 1
1798,2.16627e-06,2.29142e-08,                 1
1799,2.1597e-06,2.28446e-08,                 1
1800,2.15616e-06,2.28073e-08,                 1
1801,2.1513e-06,2.27558e-08,                 1
1802,2.15058e-06,2.27482e-08,                 1
1803,2.13641e-06,2.25984e-08,                 1
1804,2.13349e-06,2.25674e-08,                 1
1805,2.1328e-06,2.25601e-08,                 1
1806,2.12768e-06,2.25059e-08,                 1
1807,2.12035e-06,2.24285e-08,                 1
1808,2.11038e-06,2.23229e-08,                 1
1809,2.10991e-06,2.2318e-08,                 1
1810,2.10397e-06,2.22552e-08,                 1
1811,2.08272e-06,2.20304e-08,                 1
1812,2.07903e-06,2.19913e-08,                 1
1813,2.07658e-06,2.19655e-08,                 1
1814,2.0734e-06,2.19318e-08,                 1
1815,2.06283e-06,2.182e-08,                 1
1816,2.04126e-06,2.15919e-08,                 1
1817,2.04022e-06,2.15809e-08,                 1
1818,2.0205e-06,2.13722e-08,                 1
1819,2.01585e-06,2.1323e-08,                 1
1820,2.0079e-06,2.1239e-08,                 1
1821,2.00072e-06,2.1163e-08,                 1
1822,1.99868e-06,2.11414e-08,                 1
1823,1.99782e-06,2.11323e-08,                 1
1824,1.97915e-06,2.09349e-08,                 1
1825,1.9773e-06,2.09153e-08,                 1
1826,1.96404e-06,2.0775e-08,                 1
1827,1.96253e-06,2.0759e-08,                 1
1828,1.95828e-06,2.07142e-08,                 1
1829,1.95823e-06,2.07136e-08,                 1
1830,1.954e-06,2.06689e-08,                 1
1831,1.95301e-06,2.06583e-08,                 1
1832,1.95176e-06,2.06452e-08,                 1
1833,1.94294e-06,2.05518e-08,                 1
1834,1.93348e-06,2.04518e-08,                 1
1835,1.92645e-06,2.03774e-08,                 1
1836,1.91839e-06,2.02922e-08,                 1
1837,1.91297e-06,2.02348e-08,                 1
1838,1.9124e-06,2.02288e-08,                 1
1839,1.91236e-06,2.02284e-08,                 1
1840,1.88435e-06,1.99321e-08,                 1
1841,1.87648e-06,1.98489e-08,                 1
1842,1.84232e-06,1.94875e-08,                 1
1843,1.83643e-06,1.94252e-08,                 1
1844,1.83322e-06,1.93912e-08,                 1
1845,1.83272e-06,1.93859e-08,                 1
1846,1.83252e-06,1.93839e-08,                 1
1847,1.81813e-06,1.92317e-08,                 1
1848,1.81611e-06,1.92103e-08,                 1
1849,1.81515e-06,1.92001e-08,                 1
1850,1.81512e-06,1.91998e-08,                 1
1851,1.79549e-06,1.89922e-08,                 1
1852,1.78524e-06,1.88837e-08,                 1
1853,1.76818e-06,1.87033e-08,                 1
1854,1.75895e-06,1.86057e-08,                 1
1855,1.74625e-06,1.84713e-08,                 1
1856,1.74562e-06,1.84646e-08,                 1
1857,1.73036e-06,1.83032e-08,                 1
1858,1.73006e-06,1.83001e-08,                 1
1859,1.72802e-06,1.82785e-08,                 1
1860,1.72539e-06,1.82506e-08,                 1
1861,1.71741e-06,1.81663e-08,                 1
1862,1.7135e-06,1.81249e-08,                 1
1863,1.71151e-06,1.81039e-08,                 1
1864,1.67858e-06,1.77555e-08,                 1
1865,1.67539e-06,1.77217e-08,                 1
1866,1.66433e-06,1.76048e-08,                 1
1867,1.66096e-06,1.75692e-08,                 1
1868,1.65143e-06,1.74683e-08,                 1
1869,1.64542e-06,1.74047e-08,                 1
1870,1.64272e-06,1.73762e-08,                 1
1871,1.63901e-06,1.7337e-08,                 1
1872,1.63663e-06,1.73117e-08,                 1
1873,1.62164e-06,1.71533e-08,                 1
1874,1.61829e-06,1.71178e-08,                 1
1875,1.61638e-06,1.70976e-08,                 1
1876,1.59973e-06,1.69215e-08,                 1
1877,1.59696e-06,1.68921e-08,                 1
1878,1.59489e-06,1.68703e-08,                 1
1879,1.58258e-06,1.67401e-08,                 1
1880,1.5767e-06,1.66779e-08,                 1
1881,1.56395e-06,1.6543e-08,                 1
1882,1.55679e-06,1.64672e-08,                 1
1883,1.55449e-06,1.6443e-08,                 1
1884,1.55253e-06,1.64222e-08,                 1
1885,1.54812e-06,1.63755e-08,                 1
1886,1.53707e-06,1.62586e-08,                 1
1887,1.5304e-06,1.61881e-08,                 1
1888,1.50599e-06,1.59299e-08,                 1
1889,1.50385e-06,1.59073e-08,                 1
1890,1.49622e-06,1.58265e-08,                 1
1891,1.48571e-06,1.57154e-08,                 1
1892,1.48236e-06,1.568e-08,                 1
1893,1.48147e-06,1.56706e-08,                 1
1894,1.46544e-06,1.5501e-08,                 1
1895,1.45764e-06,1.54185e-08,                 1
1896,1.45607e-06,1.54019e-08,                 1
1897,1.44401e-06,1.52744e-08,                 1
1898,1.43501e-06,1.51791e-08,                 1
1899,1.42198e-06,1.50413e-08,                 1
1900,1.41187e-06,1.49344e-08,                 1
1901,1.40431e-06,1.48544e-08,                 1
1902,1.39906e-06,1.47989e-08,                 1
1903,1.39159e-06,1.47199e-08,                 1
1904,1.3839e-06,1.46385e-08,                 1
1905,1.37511e-06,1.45455e-08,                 1
1906,1.36194e-06,1.44062e-08,                 1
1907,1.34496e-06,1.42266e-08,                 1
1908,1.33896e-06,1.41632e-08,                 1
1909,1.33851e-06,1.41584e-08,                 1
1910,1.33649e-06,1.4137e-08,                 1
1911,1.32541e-06,1.40198e-08,                 1
1912,1.31912e-06,1.39533e-08,                 1
1913,1.31493e-06,1.39089e-08,                 1
1914,1.31369e-06,1.38959e-08,                 1
1915,1.31244e-06,1.38826e-08,                 1
1916,1.30674e-06,1.38223e-08,                 1
1917,1.30378e-06,1.3791e-08,                 1
1918,1.29177e-06,1.3664e-08,                 1
1919,1.27636e-06,1.3501e-08,                 1
1920,1.2762e-06,1.34993e-08,                 1
1921,1.26634e-06,1.33949e-08,                 1
1922,1.26295e-06,1.33591e-08,                 1
1923,1.2622e-06,1.33512e-08,                 1
1924,1.25768e-06,1.33033e-08,                 1
1925,1.22589e-06,1.29671e-08,                 1
1926,1.2175e-06,1.28784e-08,                 1
1927,1.21361e-06,1.28372e-08,                 1
1928,1.21329e-06,1.28338e-08,                 1
1929,1.20604e-06,1.27571e-08,                 1
1930,1.20581e-06,1.27547e-08,                 1
1931,1.19844e-06,1.26767e-08,                 1
1932,1.18571e-06,1.25421e-08,                 1
1933,1.18373e-06,1.25212e-08,                 1
1934,1.18124e-06,1.24948e-08,                 1
1935,1.17533e-06,1.24323e-08,                 1
1936,1.17227e-06,1.23999e-08,                 1
1937,1.17212e-06,1.23983e-08,                 1
1938,1.15549e-06,1.22225e-08,                 1
1939,1.15401e-06,1.22068e-08,                 1
1940,1.1532e-06,1.21983e-08,                 1
1941,1.15195e-06,1.2185e-08,                 1
1942,1.15001e-06,1.21645e-08,                 1
1943,1.14572e-06,1.21191e-08,                 1
1944,1.1406e-06,1.2065e-08,                 1
1945,1.13967e-06,1.20551e-08,                 1
1946,1.12955e-06,1.1948e-08,                 1
1947,1.09874e-06,1.16221e-08,                 1
1948,1.08608e-06,1.14882e-08,                 1
1949,1.07702e-06,1.13924e-08,                 1
1950,1.07236e-06,1.13431e-08,                 1
1951,1.05396e-06,1.11485e-08,                 1
1952,1.04464e-06,1.10498e-08,                 1
1953,1.03218e-06,1.09181e-08,                 1
1954,1.02889e-06,1.08833e-08,                 1
1955,1.02805e-06,1.08745e-08,                 1
1956,1.02473e-06,1.08393e-08,                 1
1957,9.97755e-07,1.0554e-08,                 1
1958,9.93803e-07,1.05122e-08,                 1
1959,9.87522e-07,1.04457e-08,                 1
1960,9.84798e-07,1.04169e-08,                 1
1961,9.84507e-07,1.04138e-08,                 1
1962,9.83727e-07,1.04056e-08,                 1
1963,9.74191e-07,1.03047e-08,                 1
1964,9.65012e-07,1.02076e-08,                 1
1965,9.63271e-07,1.01892e-08,                 1
1966,9.51681e-07,1.00666e-08,                 1
1967,9.39348e-07,9.93614e-09,                 1
1968,9.30121e-07,9.83854e-09,                 1
1969,9.23732e-07,9.77096e-09,                 1
1970,9.15354e-07,9.68235e-09,                 1
1971,9.14635e-07,9.67474e-09,                 1
1972,9.07867e-07,9.60315e-09,                 1
1973,9.06616e-07,9.58992e-09,                 1
1974,8.87004e-07,9.38247e-09,                 1
1975,8.85621e-07,9.36783e-09,                 1
1976,8.78397e-07,9.29143e-09,                 1
1977,8.77554e-07,9.28251e-09,                 1
1978,8.66014e-07,9.16044e-09,                 1
1979,8.5633e-07,9.05801e-09,                 1
1980,8.26819e-07,8.74585e-09,                 1
1981,8.26306e-07,8.74042e-09,                 1
1982,8.2322e-07,8.70778e-09,                 1
1983,8.09935e-07,8.56726e-09,                 1
1984,8.09033e-07,8.55771e-09,                 1
1985,8.04989e-07,8.51493e-09,                 1
1986,8.01997e-07,8.48329e-09,                 1
1987,8.00581e-07,8.46831e-09,                 1
1988,7.98321e-07,8.4444e-09,                 1
1989,7.91712e-07,8.37449e-09,                 1
1990,7.62311e-07,8.0635e-09,                 1
1991,7.3752e-07,7.80127e-09,                 1
1992,7.14802e-07,7.56096e-09,                 1
1993,6.89066e-07,7.28873e-09,                 1
1994,6.80608e-07,7.19927e-09,                 1
1995,6.76529e-07,7.15613e-09,                 1
1996,6.74054e-07,7.12994e-09,                 1
1997,6.52627e-07,6.90329e-09,                 1
1998,5.22629e-07,5.52821e-09,                 1
